-15,4,10,-2,-7,-33,5,-11,-13,-3,8,30,9,26,1,25,-23,35,27,-36,-24,29,17,21,-16,-14,-19,31,-22,-12,-28,-34,6,32,-18,20
18,10,14,-17,-13,-9,-11,28,6,-2,7,-33,5,-3,-35,-24,4,-1,21,23,-19,25,-20,16,-22,31,-32,-8,36,-34,-26,27,12,30,15,-29
8,-12,-24,34,-27,-13,-26,-1,23,31,30,2,6,-28,22,17,-16,33,35,25,-29,-15,-9,3,-20,7,5,14,21,-11,-10,36,-18,-4,-19,-32
-9,26,-31,7,32,28,-4,-27,1,-36,-22,35,-15,-25,13,23,-18,17,-29,24,34,11,-16,-20,14,-2,8,-6,19,33,3,-5,-30,-21,-12,10
-24,22,-30,-19,31,-14,20,11,-16,28,-8,-21,32,6,-36,9,25,-23,4,-7,12,-2,18,1,-17,-33,-34,-10,-35,3,-5,-13,26,27,29,15
-11,-36,35,-29,-26,30,15,-23,-20,22,1,32,33,-34,-7,-25,-21,28,-27,9,17,-10,8,31,16,5,19,-18,4,-6,-24,-12,-13,14,-3,2
26,14,36,28,-16,9,-32,10,-6,-8,29,-15,-19,-2,12,5,-24,-31,13,33,-23,-34,21,17,-35,-1,30,-4,-11,-27,18,7,-20,22,25,-3
16,-15,-35,-14,-31,34,-25,-12,36,24,-17,8,-22,4,2,-1,11,-29,30,27,-28,13,26,-10,7,-23,-20,21,18,-19,5,33,-32,-6,3,-9
25,-33,-5,-23,3,-27,29,31,-19,-12,-24,10,16,28,-26,-13,-35,-36,9,-32,-34,-30,4,11,-1,15,6,-14,-7,22,-8,20,2,21,17,18
12,34,23,9,8,13,19,-5,-4,20,35,-1,-6,-29,24,-18,33,16,-7,-10,27,-25,-3,-15,22,32,-21,-31,14,36,28,-26,-17,-2,-11,-30
-14,-23,26,25,-28,-18,-16,-9,8,-19,-27,21,-24,1,-30,7,32,6,10,-31,-12,-36,2,13,-4,-3,11,5,33,15,20,-17,-29,-35,34,22
-4,-5,24,1,2,17,-22,12,-27,33,13,-8,-11,30,-25,-28,-6,-34,36,32,23,7,-21,-3,15,-29,9,16,26,-14,35,-20,-10,18,-31,-19
5,24,-16,-13,-1,-30,34,-14,-22,-26,23,29,4,8,-33,3,31,21,-32,-27,-18,9,-11,-2,36,10,20,-35,-12,6,-17,19,15,-7,28,-25
-29,-8,-36,11,-33,22,24,2,32,-16,-4,-20,14,-13,18,10,27,-15,-26,12,35,-6,25,-7,-23,19,-17,-30,1,28,34,-9,5,-31,-21,3
28,32,29,-26,11,16,18,-24,-34,21,-5,14,-20,-12,-17,-6,15,-7,-33,13,-10,27,-31,8,35,4,-22,-1,-3,-36,23,-2,19,9,-25,30
-30,31,15,21,-10,18,-19,-36,33,5,17,-35,26,23,-3,32,-11,-6,7,-24,-4,-28,-14,20,-34,-13,-29,22,27,1,-2,-16,-9,25,12,8
24,-20,-14,10,33,-25,-28,30,16,-4,12,-11,-23,3,-27,-9,36,29,31,2,-35,34,13,-1,6,-32,15,7,-18,-8,-19,26,-5,-22,21,-17
22,-29,18,16,-14,32,23,-31,-15,-24,-35,17,-33,5,9,-4,-12,-3,-30,-26,28,-1,-7,10,-27,20,25,-21,2,19,8,-6,13,36,11,-34
-18,35,20,-31,10,-24,17,14,27,-5,-32,34,-16,-8,-28,13,-7,1,29,-3,33,30,36,6,26,-25,-9,15,-19,-22,4,11,-21,-12,-2,-23
31,23,8,-18,15,14,-9,-3,7,12,-30,-10,29,-6,-5,-36,-25,4,33,-34,26,24,-2,-22,17,-21,35,32,-13,11,-1,-28,-19,20,-27,16
30,-10,-4,3,-17,-12,26,21,34,2,22,6,27,15,-14,31,5,-29,-36,28,-8,-11,32,35,-33,-7,-13,-20,18,-1,-16,-23,25,-9,-24,19
-35,21,-25,17,20,7,-6,-32,-12,-33,18,9,-30,29,36,-26,-4,-11,22,-5,-2,-19,-27,-31,3,16,23,34,-14,13,24,8,10,-28,1,-15
15,-28,-6,32,35,3,-29,27,31,-11,10,19,34,-33,-1,-20,26,22,-12,16,30,-18,-24,23,-36,-17,-8,2,7,-21,-9,-4,14,-13,-5,25
-17,-32,9,-5,4,-23,-27,-13,-3,36,-34,-28,8,24,-21,19,1,30,-16,-29,15,31,6,-14,33,35,7,12,20,-18,-22,2,-25,11,-26,-10
-2,1,-13,-33,-21,27,8,-7,-14,-23,-16,36,3,9,29,11,28,-20,25,18,5,32,10,34,-19,-31,-6,-17,-15,35,26,-22,4,-24,-30,-12
-20,-35,-34,-7,6,-5,4,17,-10,9,15,-26,-14,13,-11,-19,-8,27,16,1,-30,-23,22,-36,-31,12,-18,-29,28,21,25,-33,32,3,2,24
10,-25,13,24,34,-15,14,33,19,-1,20,16,-3,-7,6,-12,23,-21,-9,-11,18,-36,-17,-4,2,29,31,30,-26,-28,-27,35,-8,-5,-32,22
11,14,-9,-36,-29,-32,-31,-28,3,-25,-1,13,-12,-2,21,-27,20,-33,-34,-17,-15,-26,-35,-30,10,22,16,8,5,24,7,6,18,19,23,4
-33,29,-19,-6,-18,4,-13,35,-24,15,31,27,7,36,-10,21,30,5,3,26,-16,28,34,9,32,-20,-12,-22,-2,-17,-11,-25,1,-23,-8,-14
32,17,27,-15,12,35,-20,36,26,-30,-21,-5,-18,-16,4,14,-2,13,23,7,11,-24,-19,22,31,-9,-3,-33,34,10,-25,-1,28,-29,-6,-8
33,-4,-23,2,29,20,16,15,-11,-18,9,-32,25,17,-8,-7,-14,10,-31,-6,-22,21,3,-28,-13,27,-26,24,-5,-35,19,12,-1,-36,30,34
-19,-11,6,8,28,-3,9,-4,-7,-27,2,31,21,-22,16,-15,-29,-32,1,-30,-13,14,-33,25,-24,-34,10,-5,17,20,-12,18,23,26,-36,35
-10,-18,-20,5,-4,24,-35,9,-8,1,25,22,-17,32,23,34,13,2,28,3,31,-12,-15,-6,-11,33,36,-19,-30,29,-21,-14,-26,-16,7,-27
14,27,-21,-9,24,-28,-36,22,4,18,-29,23,20,-1,-32,-35,-31,-10,26,-13,3,-8,-12,-5,34,-19,-2,6,11,-33,17,15,30,-25,16,7
27,13,31,36,-15,-16,12,-30,18,19,32,-7,-2,-23,5,6,-26,-9,-10,22,25,-20,14,29,-21,17,-1,35,-24,8,-3,-11,-34,33,-28,-4
35,-14,21,-11,-19,-20,-18,-17,-30,-22,4,-34,-31,2,-23,-33,8,7,5,6,-3,10,15,-32,29,-36,28,-27,-25,9,13,24,16,12,-1,26
-22,8,12,31,-30,25,-21,-2,28,27,-18,-3,17,34,35,-23,-13,11,20,-19,7,1,16,-26,-6,24,-10,-9,-32,5,-4,29,36,-14,-15,-33
13,-16,-32,23,17,-34,-33,26,20,-28,-12,11,-1,25,30,2,-5,-35,-22,-9,29,19,-4,27,-14,-8,-24,10,-21,-15,36,3,7,6,18,-31
-21,36,34,-16,14,-29,30,19,13,32,-25,18,-9,-5,33,4,22,-12,-8,31,1,-17,28,-35,11,-27,26,-23,6,-7,-20,-10,-15,-3,24,-2
-26,30,-27,6,-23,-4,-34,25,-12,-29,33,9,-35,-15,14,18,-20,-16,-24,17,-32,-31,5,19,-8,1,3,-36,10,-2,22,21,-11,7,13,28
4,33,-7,-1,-31,15,3,-21,-17,26,-19,-27,-36,-32,-6,-30,9,34,11,29,8,35,24,-23,28,-10,12,-25,-20,16,5,14,-2,-18,-22,13
-28,-21,17,19,16,8,31,-6,29,34,-36,25,24,18,27,-5,-3,-14,-4,-33,2,23,-22,-13,-12,30,-15,1,-9,-26,-7,-35,20,-10,32,11
29,5,35,13,-2,-17,33,-25,22,16,24,-18,-4,20,32,-10,6,12,-23,-14,36,-9,19,-11,8,34,-28,27,-1,31,-30,-15,-7,-26,-3,-21
23,11,-8,-22,26,21,-30,3,-25,-34,-2,-29,-32,35,19,20,18,-17,-15,-16,-6,4,-1,28,9,-5,-33,-24,12,7,-36,13,27,10,-14,31
21,-3,2,-34,36,-19,25,-27,-29,35,16,-24,-28,-20,-31,-11,-32,23,6,14,-1,33,-18,12,-7,-30,8,13,9,26,15,17,-22,4,-10,-5
-36,16,28,-32,9,-35,-10,-20,-5,7,-26,15,30,-27,-12,-2,19,-25,-17,8,-31,-29,33,-34,18,11,14,-3,22,-13,21,4,-23,24,6,1
-8,-19,25,30,-24,-21,28,1,10,-9,-13,-14,11,12,26,-31,34,-27,2,-35,6,-33,29,5,-3,-15,18,-7,-23,-4,16,-36,22,-17,20,32
-6,7,-22,15,13,1,-2,-33,25,-20,34,-30,-5,17,-4,35,-14,31,-28,10,24,3,27,-21,-9,36,-23,19,32,12,-18,-29,8,-11,-16,-26
20,-6,19,35,21,2,27,-10,-31,8,36,-13,12,-24,33,28,29,32,-3,-1,-5,26,-25,14,23,-22,-7,-16,-17,34,9,-18,-15,-30,-4,-11
-32,-13,-28,-27,-12,-8,-14,6,-33,17,-15,5,2,7,11,36,-10,-19,18,-25,22,-21,-29,30,20,-35,4,3,23,-24,-34,1,9,31,26,-16
-3,-9,1,33,-8,10,22,5,2,-6,21,24,-34,-35,17,-29,-15,-28,-20,19,-11,-7,-36,-12,-26,25,-30,18,16,27,32,-31,-4,13,14,23
9,3,-2,27,-32,-7,6,-16,-1,-17,-31,26,22,21,-29,8,10,36,-35,-23,-14,-13,20,33,30,-12,-4,-34,15,-25,11,5,-24,28,19,-18
6,-26,-10,-28,24,-1,-8,7,-32,3,-33,-36,35,-18,25,-17,16,14,34,-22,-27,20,30,-5,-15,2,21,4,-31,-23,29,9,11,-19,-13,12
-7,-17,5,12,-3,23,1,24,-36,14,-28,-4,-29,-10,31,22,2,26,-21,35,19,-16,-6,-8,27,-18,-25,11,13,-32,-15,30,34,-33,-20,9
36,20,-12,-30,-11,-10,13,-29,-28,6,5,3,-7,33,-22,26,-27,-24,32,-2,-25,15,-34,18,21,-16,17,9,8,4,-35,-19,-14,23,31,-1
-23,-31,16,-25,19,36,35,-18,12,-21,-20,-9,15,-30,-13,-3,-33,8,-5,11,10,-27,1,-29,4,28,22,-26,24,14,2,34,17,-32,-7,-6
17,19,30,20,-9,-22,-15,29,5,-31,27,-23,18,-26,7,-21,-1,-13,-2,-4,16,6,12,32,-28,14,-11,25,-8,-3,10,-24,-36,35,-34,33
-31,13,-17,-10,-20,11,-24,18,-26,4,-6,-25,-2,27,-19,-34,3,-8,15,5,32,-35,-30,7,12,9,-14,33,-36,23,1,-21,-28,16,22,29
-16,6,-33,26,25,-2,-23,-19,-18,-32,28,20,31,22,34,1,-30,9,8,-12,-36,-14,7,-27,-5,-4,24,-11,35,17,-13,10,3,-15,-29,21
-5,-22,32,-8,1,19,21,4,30,-15,-14,-31,-27,11,10,33,35,20,-6,-18,-7,2,-26,36,28,23,13,-25,-34,-9,12,-3,-16,29,-17,-24
3,-30,-1,18,-6,5,-12,-35,24,11,-10,7,-25,-17,28,29,14,-4,22,36,-26,-19,-32,-9,13,21,34,-15,-16,2,-33,23,31,-27,8,-20
7,18,33,-20,-35,26,-1,-34,-21,25,14,-19,23,-11,-24,-22,-36,-2,12,4,9,16,-13,15,-10,-6,-31,29,-28,32,27,-30,-3,8,5,17
-27,-34,7,-21,22,-11,-3,-26,-23,13,6,28,-10,-36,-20,-25,-19,24,17,15,4,-5,9,-18,16,8,1,-12,30,-29,-32,31,35,2,-33,14
2,-1,22,29,23,-31,11,16,-35,-14,-7,33,36,10,-34,-8,-28,-30,-25,-21,20,-3,-5,26,19,-24,32,17,-4,18,6,-27,-12,15,9,-13
19,28,-15,-35,30,12,-17,23,14,-13,26,-6,10,-9,3,24,7,-22,-1,34,-33,18,-8,-16,-32,-11,-36,-2,31,-5,-29,25,21,-20,4,27
-25,-27,-18,22,-34,29,10,32,17,-7,-19,-16,-26,-21,20,12,-9,3,11,-15,14,-4,-28,-33,1,13,2,23,-6,-31,30,-8,24,5,36,-35
34,9,-11,14,27,31,36,-15,-2,30,3,-22,19,-4,8,-32,21,-26,-13,-28,-17,12,35,-25,24,18,-5,20,-33,-10,-6,16,29,-1,-23,-7
-12,-24,4,-3,-22,-36,32,20,35,29,-23,1,-21,31,-16,15,-34,19,-18,-8,13,5,11,2,-30,-28,33,26,-10,25,-14,-7,-27,17,-9,6
-34,-7,11,-24,18,-26,2,13,15,23,-3,-17,-8,-19,-9,30,12,-5,14,21,-20,36,-10,4,-29,6,-35,-32,25,-16,33,28,-31,1,27,-22
-13,25,-26,-12,7,33,-5,34,21,-35,19,4,1,16,-18,-14,24,15,-11,30,-9,-32,31,-17,-2,3,29,36,-27,-20,-23,22,-6,-8,10,-28
