-3,48,1,17,-33,-54,-43,11,19,16,8,41,-52,-20,35,-10,-4,36,-9,-14,40,53,-44,-47,45,-49,46,42,51,-37,-38,50,5,39,-15,-18,-30,31,34,-21,12,-28,7,23,-25,27,24,-2,26,32,29,-13,22,6
46,15,-19,18,45,16,-23,54,44,38,-26,52,-42,40,-2,-6,-33,-4,3,34,-27,47,7,39,32,11,21,-49,31,48,-29,-25,17,-20,41,-37,36,-10,-24,-14,-35,13,-50,-9,-5,-1,-22,-30,28,43,-53,-12,51,-8
-26,-35,5,10,-3,14,-48,-50,30,-4,-24,22,18,-6,-44,-38,25,-13,-21,52,19,-12,36,11,-17,1,49,-42,33,-9,-51,43,-29,-41,2,-23,40,-16,-53,-37,34,28,-32,15,-54,-47,-46,7,-27,8,31,-20,39,45
-52,-21,-41,-33,-26,-44,29,-17,-45,-31,-25,-15,-35,27,12,-19,8,23,16,54,2,46,-18,-36,11,5,-14,-32,-7,53,10,28,4,-43,13,24,49,-48,51,42,3,-40,34,6,9,-22,50,38,-37,-47,-39,1,-30,-20
24,-46,25,-41,-9,39,-34,-22,5,48,30,13,12,42,47,38,-31,44,-37,-26,33,-8,50,-1,-3,-20,53,40,-36,-11,17,-51,21,7,-43,29,-19,16,-6,-28,-4,-14,35,-18,52,2,15,-10,54,-23,32,-45,-27,-49
13,5,-39,11,2,-33,-36,52,-31,-53,4,-48,-1,-37,-51,-42,-19,-41,17,-25,-46,32,-44,-30,20,-29,43,-34,26,24,-9,-22,6,28,47,7,14,45,3,49,18,-16,-27,-23,-38,21,-35,-12,-40,-54,15,-8,10,50
8,-28,-30,45,-38,-43,-39,-1,50,-22,-34,47,15,18,-13,17,-16,-14,27,51,37,-10,25,40,-23,36,-19,-2,-46,-3,33,41,-31,11,-48,-26,-21,5,7,-24,32,53,6,54,-4,29,-12,35,-52,-9,-20,49,-42,-44
-50,-32,35,36,-43,-28,47,41,22,-42,20,-48,38,-26,-17,-33,15,49,-37,-11,23,-9,-21,-54,-51,14,45,6,53,-52,46,2,16,-44,-3,-4,19,-13,40,-39,-8,10,5,34,-27,-31,-7,12,-18,1,25,30,-29,24
-46,50,-40,-18,-23,22,39,34,-17,21,-37,38,-27,-43,19,-30,9,4,-15,-35,-10,-6,5,41,31,28,13,-26,42,16,-25,-54,-51,-8,20,-45,11,-12,-7,3,-24,-29,14,-49,36,1,53,52,44,-2,33,-48,-47,32
18,-23,-37,54,16,-9,-42,-35,6,-33,14,-19,26,-11,-22,-5,41,-1,12,48,52,15,2,50,-30,-13,-31,-39,43,25,27,49,10,-53,8,44,3,47,28,45,-17,7,-29,-36,-40,51,-38,-20,-32,-24,-46,-21,34,-4
48,-49,13,5,-4,35,27,-41,-53,-25,-38,-54,-3,36,37,-45,24,29,-40,21,-20,50,-52,-17,10,51,-7,30,-18,-28,-39,-44,42,47,-6,-14,-15,-11,31,-19,8,-33,46,32,16,-43,-34,-1,2,-22,-26,23,9,12
-22,-9,14,-38,-48,29,-35,-18,2,33,39,53,-47,-3,-27,43,-23,8,-46,45,-26,-1,-17,-44,28,21,15,-25,-6,54,-50,-34,-10,32,7,37,-36,4,-11,41,-40,49,-16,24,-20,19,13,5,-42,31,52,-51,-12,-30
-54,42,-38,-9,49,-37,-13,25,4,30,18,21,7,-28,36,-52,27,-11,22,-26,-12,-19,-50,45,-8,20,-17,14,-44,-10,53,40,41,-35,34,-15,6,3,46,-32,-33,-2,51,29,-24,-39,48,-47,-5,23,-43,16,-31,1
-31,-33,-23,-36,19,-50,20,-46,-44,35,-51,-40,-45,15,-14,22,-29,48,-5,7,27,-16,3,54,-52,-32,-21,43,17,49,1,26,2,-39,-10,4,47,-41,34,12,38,-53,-28,9,-13,8,-37,-18,-30,6,11,25,42,-24
28,-29,-17,13,-24,-35,50,-25,-42,-49,38,-26,-4,34,-18,31,3,15,46,44,-22,21,-45,5,8,12,37,-1,2,32,-16,-30,-43,-14,6,-47,-27,-11,-52,51,48,9,33,-20,23,-19,36,-41,10,-7,-40,39,-54,53
21,-45,28,-32,-20,27,-37,47,53,25,31,41,49,19,-34,50,30,-51,-14,5,-1,-26,-33,-35,-10,22,-6,-3,-38,-17,-11,4,23,15,24,46,7,29,-54,-48,-12,52,44,-43,2,-36,-8,40,-13,-16,18,-42,-9,39
-51,14,-10,38,7,-32,-5,-53,-31,3,49,-39,-30,-2,20,-46,-42,-44,36,-15,-50,35,-47,-43,-28,-40,-52,25,-41,13,9,6,-37,48,-22,-19,33,-4,12,26,29,17,24,18,54,16,23,-34,-11,21,1,27,8,-45
40,51,-18,48,-41,-22,-33,-30,16,-39,-23,26,-46,44,45,-9,35,3,32,-21,20,6,11,-29,47,-12,-49,-53,24,8,43,-19,7,42,-17,50,-54,-52,10,-1,5,-34,-31,-14,-15,13,-25,-4,27,-36,-2,38,28,37
35,7,-9,-26,33,-29,-2,-15,3,53,-48,-50,31,21,8,39,32,-42,-38,-24,-14,-49,-41,20,37,4,54,52,6,-47,-13,17,-5,-45,-1,-51,-25,19,-16,-43,-23,18,40,-46,34,44,30,11,22,12,36,-28,-10,-27
-38,-22,17,31,-42,37,14,49,-35,-48,-53,34,-20,-7,-52,-29,-3,19,-18,13,43,2,26,46,-39,-23,32,-36,16,51,-4,-27,-44,-12,9,28,-6,1,25,-54,-50,5,-21,33,-47,-24,45,10,-8,41,-30,15,11,40
-20,31,-52,-40,9,-41,28,-39,-5,-35,-17,-22,-45,-51,-53,33,11,-24,25,1,54,12,38,18,-19,-27,26,-7,-42,-37,-2,-43,-16,36,10,-34,30,-23,8,4,6,29,32,-48,13,50,-49,44,47,-46,14,3,15,-21
44,25,39,24,-11,-38,48,40,34,-26,5,-43,20,42,-31,45,46,54,-36,-13,-51,-29,-30,-4,-2,10,-32,37,22,23,15,27,35,-9,-33,19,-28,6,-3,-8,-47,-14,12,-1,-16,-17,41,-7,-53,52,21,-50,49,-18
14,53,51,28,20,-45,-49,26,-38,43,-31,-27,34,-1,41,24,52,32,33,-5,-42,-23,22,-16,40,-8,12,-4,44,-48,11,-18,-19,-13,54,-50,46,9,-47,-25,-15,21,-10,-29,6,-37,39,30,7,36,-3,-17,-2,-35
-34,-54,-15,32,14,23,45,-44,-11,46,9,49,36,-5,3,-41,-43,50,-35,53,-47,-24,-6,22,48,38,39,31,-40,42,-28,-4,51,1,19,-13,-52,-26,-27,29,16,-30,17,8,-7,-10,21,-25,-12,-18,-33,37,-20,2
-30,43,-12,-47,-21,46,-17,45,29,-27,-15,-3,-44,22,11,34,-7,-33,26,49,5,14,38,53,-42,-19,-10,50,9,-1,52,-41,18,16,-51,-48,-40,23,54,37,-32,-25,-2,13,-8,-6,-4,36,-20,-28,-35,-31,24,39
38,-16,-43,-8,-36,-7,6,4,-50,-51,-32,15,-23,49,-12,2,-28,-25,48,-45,-41,44,13,29,18,37,-54,17,-24,31,-30,11,-47,-52,39,5,-26,-1,-35,-42,21,40,3,-22,20,53,33,-19,-14,9,10,34,-46,27
19,-44,52,25,15,40,51,28,48,11,10,42,-49,29,-5,-43,30,20,1,18,38,-34,33,-41,-4,-54,31,-8,-14,17,27,-36,23,-22,-37,-32,35,21,-50,-6,-24,-12,16,2,-46,-45,-53,9,13,39,-7,-3,47,26
-37,49,24,23,22,-13,-50,-36,21,-41,-45,-34,6,-18,53,54,43,14,-29,42,-9,-5,-4,-3,51,52,-33,-47,19,-35,48,39,27,12,30,8,1,-46,-32,44,10,-20,-17,-40,11,38,28,-31,-2,7,-25,-26,-15,-16
-11,-52,23,-43,-27,-30,54,-32,41,13,1,44,-10,35,50,39,42,31,-45,-49,47,38,-3,-28,-29,40,-5,24,-25,6,-18,-8,-36,51,-14,33,-48,22,16,-26,9,17,-4,-12,-19,53,-21,-37,-20,-15,34,-2,46,-7
-24,-15,-22,-20,34,25,35,23,-52,32,28,-54,50,-27,2,18,-40,-16,21,4,-19,3,-8,1,-6,-44,14,-11,-43,-36,39,10,46,-5,-7,30,-42,-48,-31,17,-53,-37,29,26,-49,-33,-51,-38,45,13,-47,9,41,-12
-48,13,-29,-23,-47,-26,-54,-31,28,17,-44,-32,-2,53,-24,-36,-10,-46,52,25,34,-40,-4,15,-20,6,-30,9,-3,-27,-8,12,38,21,-49,-16,50,33,41,-22,-39,43,-42,11,51,-18,5,1,35,-37,-45,-19,-14,7
7,28,17,8,37,-18,-1,-4,24,-22,-12,11,38,16,45,-14,-3,-6,-30,-40,-48,10,52,-9,50,54,35,2,33,19,49,-46,29,-42,27,51,-5,-13,44,-20,53,34,-47,-39,15,32,43,21,-31,-25,-36,-23,-41,-26
20,-6,-11,-41,-31,2,44,32,-54,-45,3,33,40,-23,-46,26,48,21,49,-1,-18,-51,14,-53,-36,-16,-28,27,34,43,5,-8,-12,-29,38,25,39,-35,-37,-13,4,-50,-30,-7,10,15,-52,-17,-19,42,22,47,24,9
33,21,-27,6,47,-4,-30,-43,45,31,-20,-46,-34,41,-32,-35,-36,52,-42,11,-2,28,24,-23,54,44,3,-22,37,7,-10,15,-1,13,16,17,-29,53,-49,50,-14,19,8,-26,-9,12,-5,51,39,-40,-48,-18,-38,-25
-53,-25,16,-5,4,34,-52,18,42,-44,19,14,-31,-12,-50,-3,-24,-8,-11,29,51,30,-43,17,2,-33,-47,-48,-20,-22,13,-49,26,-6,-36,35,-38,37,-40,39,-54,-9,23,10,46,-45,27,28,32,15,-21,7,1,41
45,-24,27,9,30,38,42,19,-4,32,-50,-18,-39,33,40,-31,47,12,-8,43,22,-21,-46,2,41,49,-3,-37,-53,-5,16,-10,-14,44,48,-51,28,-6,13,-15,-25,-7,-20,-34,-1,23,-17,-35,-26,11,36,54,29,-52
47,-39,-50,-34,18,-52,-38,-28,-19,-43,-36,17,-40,-54,-26,49,-12,-5,9,-51,-29,23,-22,42,-31,15,-53,8,21,45,25,33,-32,4,-46,11,-44,7,2,13,-48,-24,10,37,-30,35,-1,41,-16,3,20,6,27,14
-23,44,-13,39,50,-27,-41,-42,-12,-28,54,9,3,-29,30,53,-22,43,24,40,-45,17,1,-19,26,-25,6,10,14,-15,-34,47,52,31,36,-35,48,-49,-4,-20,7,8,-18,-2,21,-51,-32,-37,38,-5,46,-33,-16,-11
43,20,6,-31,-52,-3,12,16,23,-54,29,-7,-53,26,-48,-8,-21,-39,50,-2,17,-41,-9,38,27,-14,-25,-51,-11,40,4,37,-46,-49,-47,-44,-32,-24,18,-30,22,45,1,36,-42,33,35,15,34,-19,28,-5,13,10
2,1,-44,14,32,36,-21,38,-10,9,53,39,19,-4,43,29,23,-52,-13,47,7,37,-17,-26,-48,24,33,45,-16,-31,30,-5,-27,50,46,-6,-22,-8,-12,54,-49,51,-15,3,-28,-35,-20,25,-41,-34,-42,18,-11,-40
5,-9,54,19,1,-8,52,-6,2,24,-18,-13,-12,-40,-42,-41,35,11,-4,-38,-28,29,43,10,-53,-36,-39,21,-22,37,51,44,45,-49,17,26,30,20,27,14,-16,-15,23,-32,-33,47,-46,50,-34,48,-31,-7,-25,-3
-43,11,47,12,-46,32,-15,-37,-49,14,-2,4,35,-10,7,-54,-25,22,28,31,-23,-18,21,-45,17,39,-51,-19,36,34,-20,-6,-50,-30,-13,-29,8,-40,-26,38,42,-41,-1,48,24,5,-3,-44,9,33,27,-53,52,16
10,-3,2,-48,54,-16,37,36,-34,-1,46,-49,-17,52,-43,6,13,38,47,-30,-28,51,-31,44,-53,33,41,-21,-50,20,23,-42,-26,9,40,-8,-7,18,-45,-35,-27,32,15,-24,39,-11,19,4,12,-29,-22,-14,25,-5
3,-4,-1,2,-37,50,10,22,51,-7,17,28,53,-25,-38,30,-11,-40,-31,46,49,-8,-39,-42,14,43,-45,-12,-54,-16,19,35,-48,41,-32,52,5,15,23,18,-34,24,-26,47,27,-20,-44,33,-21,-6,-9,-36,-13,29
52,41,30,11,-32,-15,-28,-51,10,-9,-4,35,43,24,6,-18,45,16,-20,19,42,-50,-25,-14,23,-48,-44,7,40,-3,37,5,39,53,-12,-54,-31,-47,-33,-29,-2,-21,-13,27,-17,49,38,26,-46,22,8,-1,-34,36
-29,40,4,-3,-14,-10,-9,48,7,6,44,-45,-16,5,-28,13,-39,-53,37,-36,46,-38,47,25,-24,42,50,15,1,35,-41,-52,34,-33,-30,20,-19,22,17,-2,31,-26,54,-11,12,-21,-23,-8,51,-27,-49,32,18,-43
12,-5,-28,-13,2,24,-53,21,-15,-30,47,-1,4,-50,9,20,29,38,-49,-16,-8,33,-32,-6,46,41,34,3,-17,10,35,23,-22,-27,-31,48,-45,-18,42,43,-26,-39,-40,-54,37,-25,-11,-36,19,14,-52,51,7,44
16,32,22,12,27,20,18,-9,8,49,-33,-4,-24,46,-35,-1,-50,-7,-34,-6,41,-3,-36,13,-29,-51,-5,-44,25,38,-54,-2,11,19,15,23,52,-30,53,-47,-21,48,-45,28,43,-14,40,-42,-10,17,26,-37,-39,31
23,-51,-7,-28,-54,43,3,-11,-33,-46,8,45,-25,-52,29,-22,39,47,-53,32,-49,16,-1,-48,13,-31,36,4,-15,40,26,-20,9,-38,-42,-27,-50,34,-17,-30,44,35,-6,-41,-12,10,-18,24,21,37,2,14,19,5
-21,-10,-14,26,38,-34,53,17,-27,2,50,46,29,3,18,19,-8,-15,-16,-31,1,-35,-40,-52,36,-4,9,-43,-13,-32,20,30,49,6,22,-25,51,-5,-41,23,39,47,28,45,-44,-12,-42,54,-33,-11,-37,24,-7,-48
-16,-40,34,50,-51,48,-45,46,12,-19,-49,-9,42,39,-23,1,-41,-29,10,-32,-37,27,15,47,-26,25,-22,-31,18,-53,28,20,-35,-3,33,-52,21,54,-14,2,17,-13,-44,43,7,-8,-24,-6,11,-4,5,36,30,-38
32,38,-21,-15,24,-20,11,-10,-14,8,-7,25,-26,9,4,-49,22,33,30,6,3,-17,28,-5,-12,13,-42,-23,-37,-19,-47,-1,-18,-48,-39,43,29,-2,35,52,51,27,-36,-45,44,-54,31,34,16,-53,-41,-40,50,46
-15,3,-2,-45,36,-47,25,-26,17,-27,42,-51,37,-30,1,21,-9,24,-23,-33,-16,31,19,-18,-7,8,10,41,32,14,-22,-29,20,54,52,-5,-13,44,-46,-53,-28,-11,50,-38,4,39,6,-49,48,-43,12,-35,40,-34
-25,-14,33,22,17,13,-47,10,40,-8,26,-21,-6,2,27,-51,-5,-28,53,38,12,-4,-48,43,1,-11,-15,18,54,-50,-44,34,-3,-32,49,-46,45,-20,52,-9,-42,41,-24,31,-37,36,7,23,-35,30,16,-39,-19,-29
-41,-7,-24,-14,-10,-31,2,37,-46,5,-21,-20,-28,4,-39,47,-18,17,-22,12,11,19,40,3,-54,-30,48,13,45,26,6,-36,53,35,-34,32,-8,-44,15,-23,1,-51,-52,38,-29,9,-16,-27,50,-49,42,43,-33,25
27,35,46,-52,42,-25,21,-45,28,29,43,37,-19,-41,-54,-49,44,-30,13,24,-7,-53,-51,-20,6,-50,-1,-9,-10,18,-33,-40,31,38,-2,39,-12,-34,-36,32,14,-5,-11,-17,8,-3,-48,47,16,26,23,4,22,15
37,19,40,-27,-12,33,-29,-20,-39,-11,10,5,41,-46,52,-42,53,-23,-2,8,-35,48,18,-34,-47,45,4,51,7,44,-32,31,-6,24,21,54,-1,50,9,-3,-13,16,49,-30,-26,14,25,-22,-43,-38,-28,-15,-17,-36
-4,-37,-45,1,46,-23,40,12,36,-14,-42,-8,28,10,48,-17,16,20,35,-18,25,-47,6,27,-21,50,-24,-13,-39,-54,34,51,-49,-31,-19,-9,2,41,29,-7,-38,11,53,-52,3,-5,22,-15,33,-26,-32,44,-43,30
-17,52,-20,-7,-16,31,4,13,25,29,-47,19,-8,-42,-33,5,-1,39,-12,-3,35,24,30,-22,9,-45,51,48,10,-23,-6,-38,15,-46,21,-53,-43,32,-18,50,-44,14,37,41,26,-34,11,28,-54,40,-27,-2,36,49
26,29,33,-19,-6,5,38,-42,-13,36,-28,-14,9,12,51,-39,50,32,4,23,44,-54,-20,30,49,1,47,11,-2,-24,-40,18,3,43,-53,-10,-46,-7,16,31,45,-8,-34,-21,-41,37,-27,-52,-25,-17,-15,48,35,22
-19,-38,-26,37,48,8,-13,6,-46,39,23,42,-7,-16,32,14,28,-31,-1,-53,-36,-43,-11,-49,29,3,-35,-17,25,41,18,-15,-52,-47,27,21,4,2,-10,-45,-30,12,22,51,-40,-9,34,-5,24,54,-44,33,20,-50
4,10,-49,-1,-30,-11,31,50,20,-2,6,29,14,-13,-41,52,-46,40,54,-9,45,39,37,-33,-38,-28,-34,26,-12,5,-7,-47,24,27,44,53,-23,25,-22,-18,15,-48,-51,-35,-21,17,32,42,3,-8,43,-16,-36,-19
-32,23,37,15,-39,7,-6,-38,-28,47,22,-53,33,-44,-4,-21,36,-34,20,-19,16,-11,-2,-31,-43,-42,40,9,-35,46,24,1,-13,18,29,-17,-3,8,5,-27,-45,26,25,14,41,-30,-10,-51,-50,49,48,-54,12,52
41,-47,36,16,44,53,17,-34,-26,12,-27,-10,-37,51,54,-4,-7,-49,-40,-23,-43,-25,20,35,22,9,-11,-46,-52,-33,42,48,30,8,-24,-3,13,-50,45,19,-1,-31,21,-5,-39,28,2,-32,18,-38,-14,29,-6,-15
54,-50,29,30,35,-17,-51,24,52,-23,-39,31,25,32,21,40,6,-47,-48,37,-15,-42,10,-8,-13,27,-26,38,-3,-4,-12,-14,-45,-36,-5,34,-20,-28,11,-16,-43,22,41,-53,33,-49,18,19,46,2,7,-9,44,-1
-42,27,-16,-22,8,-21,43,-5,-30,40,-41,44,-32,-36,47,3,-48,37,23,39,6,4,-19,-46,52,35,-2,53,51,9,45,13,-34,33,-26,14,-18,49,-20,-10,11,-1,-7,12,-31,24,-15,17,-38,54,-29,-25,-28,-50
-47,-53,-8,51,-7,19,5,3,15,45,13,-52,-11,-39,-9,-24,-27,26,-6,-44,-25,-33,32,16,21,-18,17,-54,38,-43,41,-23,22,46,50,49,-42,-29,14,48,-31,37,30,20,-10,-34,1,-40,-36,-35,-4,12,2,28
53,-18,-5,-17,3,11,36,42,-20,-21,-6,30,-22,-15,14,-23,4,2,34,9,10,13,16,-50,-41,29,-37,35,-26,-12,-47,-39,-54,-19,-28,-7,27,43,32,46,25,-8,-38,52,48,-40,31,-45,-51,24,49,-44,-1,33
-28,47,44,52,53,-24,-31,-48,33,-13,34,-37,10,50,17,-25,-15,-36,-41,22,39,-20,45,6,16,-38,-30,1,46,27,7,-35,-9,-11,32,18,12,26,-21,-49,19,-43,42,-3,-23,-29,-2,8,40,-14,-54,-4,-5,51
30,-34,46,7,-17,49,-4,-29,-22,40,-16,-44,-21,-47,39,11,-5,27,-25,36,-13,9,-53,37,19,48,18,-52,-8,1,54,45,41,2,43,-20,24,42,-15,10,33,38,-35,-12,-32,3,14,26,-6,-51,50,28,23,-31
22,8,32,42,-50,-51,33,-2,-21,-17,35,-30,47,25,-45,28,10,-43,-54,-52,9,1,27,26,-14,-24,-23,-16,39,12,38,-3,-7,40,-11,41,-49,-31,-29,-34,-36,-4,18,53,15,-48,-13,46,37,5,6,20,44,19
-9,-11,-25,-44,26,-53,-27,31,1,41,2,24,50,-34,-37,48,-49,45,43,47,-54,-39,51,-12,3,-5,7,-35,30,-29,-8,42,-40,14,28,38,15,-36,22,33,-10,-32,-19,4,-18,52,-20,-16,17,-13,-23,-46,6,21
36,6,-9,-37,41,-2,15,39,-3,19,-43,-16,54,-22,-7,-12,-47,35,-10,-50,31,14,53,48,-49,34,40,44,-32,33,-21,29,30,-26,18,-1,-4,-51,-8,27,5,46,11,-28,-52,-42,17,24,25,20,38,45,-23,-13
51,-36,42,-39,-52,41,22,-14,-25,-50,27,32,-29,8,46,44,31,-37,34,-47,48,-7,-54,-38,9,30,-11,49,13,-26,-17,-12,-53,-19,-40,2,18,24,4,35,-6,-3,45,-16,-43,-15,20,-21,-28,10,-1,5,33,23
-14,-27,41,24,6,-5,-46,-49,13,-18,21,-35,-9,1,26,51,-37,10,-32,-54,-11,52,43,-4,-45,-15,2,-30,47,28,36,19,-42,-50,12,-31,17,40,-48,-38,-3,33,-23,53,25,7,-29,39,8,34,-16,-22,-44,20
-27,-20,15,-10,-45,-40,-22,44,11,4,-9,-47,32,-33,-3,25,-34,28,-24,2,30,7,46,19,-16,-53,1,-18,48,-21,-43,-13,14,17,-51,-49,38,-37,50,6,54,-52,31,-8,5,-23,12,-29,36,-39,35,42,26,-41
-10,45,-31,29,-35,47,-21,-27,39,1,37,18,-54,30,-49,-40,20,-12,41,-17,7,42,-34,-32,43,52,8,48,-4,-14,3,24,-51,23,5,-38,-11,36,-9,16,-19,-22,-25,-50,-2,-53,-6,-28,15,44,33,-26,46,13
28,46,-48,-30,23,9,26,14,-6,37,-35,-38,-41,-8,-40,32,19,-45,-17,-29,-53,-52,-5,31,44,-7,-50,-1,20,4,-24,-16,54,-51,11,42,-10,12,-43,15,13,-36,39,-25,18,-2,49,3,-47,27,34,22,21,-33
-18,24,50,53,-49,-12,-8,7,26,-52,-46,6,51,43,33,35,40,1,29,-42,-31,25,-27,-2,-22,-9,23,47,-19,-44,21,54,-15,37,-16,-41,-34,39,-38,-17,36,20,-14,30,-48,11,-28,45,5,-3,-13,10,-4,-32
34,-13,-36,-24,28,44,-26,-52,-37,11,-10,27,2,31,49,17,-16,-21,-39,-46,18,-32,42,4,35,7,-12,-5,41,-40,-14,22,43,-1,-25,3,9,-54,19,30,-29,-23,-33,-6,47,20,-45,53,-15,51,-50,8,-48,38
9,26,8,-42,25,45,19,-3,-1,51,52,-24,16,-18,31,-13,-44,14,-7,50,53,34,35,12,-5,-2,-41,-38,-47,39,-15,46,40,-22,-23,-43,54,28,-30,-33,27,4,36,17,-6,-32,29,49,-48,-20,-10,-11,-21,-37
2,-1,35,6,-29,4,-20,24,32,-12,33,10,-51,-49,22,37,38,53,-43,-7,-47,-15,-39,8,-44,34,42,-40,5,-46,50,-9,11,26,3,45,-16,-17,-23,28,-52,-27,19,25,-36,30,-21,-54,14,-31,13,41,-18,48
-35,12,-53,-51,-34,-39,46,-54,47,-32,40,-2,-36,-38,-21,-20,33,-50,44,16,15,-28,-42,-25,24,31,-29,22,27,-45,-26,10,-17,5,1,13,-41,14,6,-11,37,23,-48,-19,30,-7,-9,43,52,18,4,-49,3,8
-6,4,10,-2,11,1,24,30,35,-3,-5,43,46,47,25,-27,34,-22,51,33,29,18,54,-7,-15,-52,16,32,-21,-8,-37,-28,-20,-17,-9,40,31,-42,49,-36,-44,38,-12,41,-50,-13,-14,-53,-39,45,-19,26,48,-23
-45,-12,38,-43,-15,26,-16,27,-32,18,41,2,17,-48,5,7,-13,-10,-44,35,-30,-31,29,37,-40,-6,-8,33,-23,21,22,9,-28,52,-20,-49,-24,-3,47,25,-11,-46,4,19,1,42,-39,14,36,53,54,-34,-50,-51
39,54,-51,44,29,-18,34,-21,-41,50,48,20,30,-35,28,-36,-38,6,-33,-12,8,43,-37,49,42,-47,-46,-15,-5,-13,-53,45,19,-7,14,16,23,17,-1,-52,9,-25,-22,-4,-32,27,26,-11,-24,-10,3,40,31,-2
-8,-30,-4,3,31,21,-18,1,-47,-24,-54,-16,-52,45,-36,12,51,7,42,41,-6,-48,-28,10,39,35,38,23,50,2,-5,-33,32,-40,26,15,44,-27,-25,34,-20,-19,-46,-37,-14,43,9,22,53,29,-17,13,-49,11
25,33,20,-53,-8,15,32,5,14,52,-13,-36,11,-9,-6,-44,37,-26,31,-3,-40,49,48,-27,-1,18,24,39,-34,-41,-19,-7,-2,29,47,12,-17,-43,-28,21,30,54,38,16,-51,-50,-35,-23,-22,46,45,-10,4,-42
-5,9,18,46,1,17,-24,35,-2,26,33,23,-21,-20,16,-15,-6,-3,-27,14,13,40,-12,7,-34,-10,19,-41,-31,-39,29,-37,-11,25,-8,-42,32,-48,30,-22,28,36,-53,-51,49,-4,54,38,-45,-52,44,50,43,-47
-13,-19,-42,-54,-28,-14,-32,-40,43,-47,-30,-25,1,6,44,41,18,-17,2,-37,50,-45,31,51,12,-39,-38,5,49,11,-23,7,36,-52,53,-33,20,27,26,8,-16,3,-9,-15,22,48,10,-46,-29,-21,-24,34,-35,4
50,34,31,-35,-25,-46,21,9,-8,-37,-22,36,-38,28,24,27,-20,51,-47,17,-7,11,-49,-15,5,48,-16,-14,-30,29,-3,-53,-39,-2,4,-12,10,13,33,-45,52,-44,-54,42,40,6,19,-26,23,-1,-18,-41,32,43
-49,5,26,21,-2,34,-10,15,37,7,16,-29,22,-17,-8,-11,14,-48,39,-43,-4,-13,-35,52,-32,-3,-36,-33,12,50,44,25,28,-6,23,27,-9,46,-19,47,-51,-54,20,-31,-53,-38,-40,18,1,-30,41,-24,45,42
-12,18,-34,30,40,-19,23,20,49,28,-14,1,39,11,-16,15,-52,-2,6,-8,32,54,-7,36,-27,-37,25,-10,-48,-4,-46,-21,44,3,-45,-24,26,-50,-13,-5,43,-47,-41,-33,35,31,42,29,-9,38,53,17,-51,-22
36,-48,53,-33,-13,39,-25,-23,-40,-16,-52,-28,5,-31,-20,10,21,-19,18,-15,17,-30,8,-51,7,47,-43,12,49,22,14,38,-4,-37,-54,1,34,32,-6,-9,-46,44,27,-42,50,41,-26,-2,29,-45,24,11,-3,35
29,17,43,27,-18,-48,49,-33,-23,54,12,-11,-14,13,38,-37,-2,5,-50,-39,24,36,9,-21,34,32,-4,-45,-1,-51,-52,-26,8,-25,42,-22,16,-15,20,53,47,-35,-3,46,28,-44,-41,6,-7,19,30,31,-40,-10
-7,-31,19,-16,10,28,1,53,-24,-5,32,-33,48,23,42,4,-54,30,-3,27,-34,45,14,9,-37,-46,20,-6,35,-18,2,-11,12,21,-29,-40,-25,52,43,36,49,-15,-39,-50,-22,-26,51,13,41,-44,-47,-38,-8,-17
42,26,-11,35,51,12,40,29,54,23,-3,6,-18,48,-25,-50,-53,13,38,-34,33,-37,-10,-39,15,-2,28,-27,8,36,-45,52,-21,-20,-4,-30,22,19,24,7,-46,1,47,49,31,-41,-43,-14,-44,16,-5,-32,17,-9
11,-8,7,-49,-40,42,-3,2,-29,-38,-1,-17,23,-51,20,28,12,-27,45,15,-39,41,-13,32,-50,46,-18,16,-9,-47,-36,-24,48,-54,44,31,43,10,-21,-5,22,-6,-37,35,-19,26,-30,-33,-4,25,-14,53,-52,34
-40,36,12,-29,-19,54,8,-7,-51,42,45,-3,27,-53,23,-34,-26,35,5,-22,-44,20,-15,28,33,17,-13,-24,4,52,-48,50,-25,16,-18,-2,41,-39,38,1,-37,-10,-49,21,-11,-47,46,31,43,-32,9,-30,14,-6
15,22,49,-50,-53,-42,16,43,18,-36,-29,51,44,54,-1,-7,-45,-9,-26,-48,-24,-2,34,21,-35,19,52,46,11,-38,32,-31,47,-23,25,10,-39,30,37,-41,40,6,-8,-13,17,-28,-33,20,-3,4,-12,-27,5,-14
6,37,-54,40,12,-1,-11,14,-16,-15,7,-5,-33,-8,10,9,32,34,-52,28,36,-46,-24,23,30,-43,29,-20,-27,-25,-49,-17,13,-18,-41,-21,-2,-53,-51,-4,35,-45,26,-47,42,22,44,50,31,-48,39,19,38,3
31,39,45,21,-22,51,-33,12,25,-34,19,8,-48,17,-29,-26,-14,46,11,30,4,5,41,-40,-9,-16,44,-50,15,20,-1,36,-7,10,38,-32,53,35,-2,24,23,-49,52,-27,-3,18,-54,-13,42,-28,-6,-43,-37,-47
-30,-26,21,34,43,-36,-12,-13,27,20,25,7,8,37,-19,46,-51,42,15,-10,-3,41,49,33,-11,2,-9,-29,28,1,-35,-48,-24,-4,31,6,-14,-45,-44,-50,-22,-18,-5,39,38,-16,52,32,-23,40,17,-47,54,-53
17,-42,-47,-46,-44,10,41,33,-19,-6,-36,50,24,-32,34,-53,-1,-54,-9,28,39,-27,-26,-13,38,23,22,20,-52,-49,40,14,8,-15,45,-11,51,-25,21,-31,-7,2,48,5,-35,4,3,43,30,-12,37,-29,16,18
-39,-43,-6,20,21,3,30,-19,-18,44,51,-23,-15,38,13,-32,49,9,8,-4,-5,-36,12,34,-33,53,-48,54,-45,-7,-42,16,25,-24,-52,22,-47,-14,1,-46,50,31,2,-10,29,40,37,27,-17,-41,-11,35,-26,-28
49,-17,48,-25,13,52,-19,-16,-43,15,-40,-31,-5,-24,-10,8,2,-35,7,27,-32,-44,-29,14,4,-41,-20,34,23,-42,12,21,37,-28,18,-39,-33,51,36,11,26,30,9,22,53,54,-50,-3,-1,47,-38,-6,-45,-46
