34,-35,37,24,-30,26,33,28,-12,15,-25,9,18,19,-10,-31,21,-13,-14,42,-17,27,-29,-4,11,-6,-22,-8,23,5,16,40,-7,-1,2,38,-3,-36,41,-32,-39,-20
8,12,36,41,34,32,-28,-1,40,-17,-38,-2,-22,33,-42,-19,10,21,16,29,-18,13,-26,31,-35,23,39,7,-20,37,-24,-6,-14,-5,25,-3,-30,11,-27,-9,-4,15
-32,-13,-12,-17,41,-38,-37,-40,34,-19,-39,3,2,-18,24,26,4,14,10,-28,-29,-23,22,-15,30,-16,-31,20,21,-25,27,1,-35,-9,33,-42,7,6,11,8,-5,36
-25,-14,-11,-41,-9,-29,20,-18,5,39,3,-30,-33,2,-16,15,-24,8,-31,-7,38,40,-34,17,1,-37,35,-36,6,12,19,-42,13,23,-27,28,26,-21,-10,-22,4,32
42,18,25,-12,-10,13,-8,7,-31,5,-32,4,-6,28,21,-23,41,-2,-35,-36,-15,-34,16,-38,-3,29,-39,-14,-26,40,9,11,37,22,19,20,-33,24,27,-30,-17,-1
-19,21,-26,36,-38,-41,16,-32,27,-35,37,17,15,-39,-13,-7,-12,31,1,33,-2,29,-25,-40,23,3,-9,-30,-22,28,-18,8,-20,-42,10,-4,-11,5,14,24,6,34
-22,19,-6,15,7,3,-5,-23,12,-16,34,-9,26,-28,-4,10,40,-24,-2,-39,29,1,8,18,35,-13,36,14,-21,-42,32,-31,38,-11,-25,-27,-41,-33,20,-17,37,30
23,-12,-36,-37,39,16,-15,9,-8,40,24,2,17,31,7,-6,-13,30,33,-41,35,42,-1,-11,-29,32,28,-27,25,-18,-14,-26,-19,38,-21,3,4,-34,-5,-10,20,-22
-39,-5,29,-24,2,38,36,31,33,-28,-20,-42,-23,22,-19,21,-35,-32,15,11,-16,-14,13,4,41,34,-40,10,-3,-37,-8,18,-9,-26,17,-7,30,-6,1,27,-25,12
-24,-17,-28,-35,-26,-9,-18,32,6,-31,-37,-25,-41,-30,29,23,2,7,34,-27,22,-21,-16,1,12,5,20,3,-15,14,10,-8,42,-19,4,-38,11,36,40,-39,13,-33
-42,7,34,21,18,35,-2,-12,-23,28,32,8,16,25,41,-13,27,-5,-20,19,-4,37,9,-33,-14,-39,-17,-10,30,-29,38,-11,24,-3,-6,40,-22,-31,26,-36,-15,1
28,42,-25,-9,-7,-31,5,-26,4,-37,29,27,35,36,22,39,-40,33,24,-21,20,-15,38,-19,3,8,-12,-1,-11,-41,6,-34,-18,32,-13,-14,10,-23,-16,17,30,-2
-10,-38,-27,31,21,41,40,17,-30,1,-16,34,-42,-24,-28,11,-8,19,-18,37,-5,26,33,14,-39,-22,3,15,-35,9,-4,36,-23,-12,29,-32,-20,2,25,-7,-6,13
6,8,-10,-39,-17,-1,37,-2,-19,3,-41,-15,28,-36,12,-38,5,-27,9,35,31,-32,-30,34,42,-29,18,-13,26,23,-21,22,-40,-24,-20,14,-7,16,4,33,11,-25
20,-28,35,-29,-21,30,-27,11,-14,-42,-8,13,-12,9,32,-41,39,-26,-38,-1,5,24,-33,-22,-34,18,7,2,4,-6,36,-15,23,25,-3,-31,40,19,-17,-37,16,10
10,15,21,-20,-34,37,13,12,26,-1,27,-8,-7,-16,-2,14,-28,39,32,4,-3,-36,40,25,-24,-9,-11,17,-33,41,42,-19,29,5,38,22,-6,-35,-18,-23,-30,-31
-8,23,30,27,29,31,21,1,-24,-41,-13,-26,11,-15,14,-32,-22,35,-25,38,-7,17,-2,9,19,12,-4,37,-5,-3,-6,16,-34,33,-18,-40,-28,-20,42,36,10,-39
26,-22,-40,25,-39,-20,-29,-36,-32,24,33,19,42,-38,28,37,30,34,-12,6,-27,2,35,-10,-4,-1,21,-15,7,-17,-41,9,-11,-18,-23,8,-16,14,5,3,31,-13
-5,25,-24,-31,1,40,-14,16,10,-9,-36,-23,32,7,18,-8,-29,-15,-27,-34,41,-42,12,3,-2,-35,19,-37,17,-38,4,-13,39,20,26,11,28,30,-33,-6,-21,22
33,36,9,-22,-8,-14,34,5,-3,-29,-42,31,-18,6,-30,35,26,13,39,27,-32,4,-41,38,37,-17,-20,-40,10,15,-12,21,-1,-7,-16,-2,-25,-24,-19,28,23,11
-4,-27,-13,1,-25,-28,-36,35,31,22,-33,29,3,16,-37,-14,-38,-21,-32,24,18,-10,34,-20,5,30,2,6,-12,-26,-9,19,11,-23,-8,7,15,17,-42,-41,40,39
3,-7,-1,8,-29,19,2,-4,28,41,25,-31,-15,-20,13,-39,33,38,-6,14,-22,21,32,-30,-11,-34,40,-9,5,24,12,-23,-17,26,42,37,-36,-18,16,-27,-10,-35
35,24,31,-32,37,10,11,-19,-21,-6,-7,-17,20,-22,39,36,12,-25,8,-13,9,14,26,-2,18,-23,-33,-29,28,34,-3,4,27,-30,-1,-16,-5,-42,-15,41,-40,38
25,-18,13,30,23,-33,-32,-9,8,17,42,40,-3,-19,-21,22,-10,2,14,-38,15,-16,-5,37,-1,-31,29,-41,-27,-4,26,7,6,-35,34,39,-24,20,-36,-12,28,-11
-14,-34,-22,-33,40,-25,-41,36,39,-26,-18,30,-28,1,19,-37,42,11,-15,31,-23,3,21,29,6,10,-38,13,-24,-12,-20,-35,4,2,32,-8,16,27,-9,-5,7,-17
40,-6,-37,20,-27,2,9,14,-7,38,13,-34,-11,-8,-39,-18,-30,16,-29,-4,-42,-31,-35,-26,-28,24,5,25,19,17,22,41,-36,12,23,33,3,-10,15,-1,-32,21
-2,1,17,32,6,-5,18,-31,-36,30,-29,23,27,34,-41,24,-3,-7,-33,22,-26,-20,-12,-16,42,21,-13,-38,11,-10,8,-4,19,-14,-40,9,-39,28,37,35,15,-25
38,-25,4,-3,26,-27,32,-41,35,-20,18,15,-16,-23,-12,13,36,-11,31,10,24,39,14,-21,2,-5,6,30,34,-28,-19,-7,-37,-29,-9,-17,33,-1,-22,-42,8,40
29,-26,-18,42,-13,-36,-9,-39,7,-15,-34,-20,5,41,10,-17,16,3,22,12,-30,-19,27,33,38,2,-23,-35,-1,21,-40,37,-24,11,28,6,-32,-25,8,31,-14,-4
-40,20,15,-6,-23,4,-13,42,-27,35,14,-21,7,-11,-3,32,19,-39,-17,-2,12,41,5,30,-37,28,9,-26,-38,-24,33,-16,-31,36,-10,-34,25,29,18,1,-22,-8
-41,-3,2,-5,4,8,-42,-6,16,-30,17,-27,14,-13,-38,-9,-11,-34,40,-29,-33,-35,-31,-28,36,37,12,24,20,10,23,39,21,18,22,-25,-26,15,-32,-19,1,7
-18,-16,-19,22,9,-17,24,10,-5,-8,-14,32,-37,11,34,2,6,1,3,-30,28,-4,-36,-7,26,-25,33,-21,-41,20,-42,-12,-27,-15,-39,23,13,-40,35,38,29,31
19,-29,28,-40,-35,-11,25,22,-41,12,6,-10,-14,13,30,-33,37,23,-1,32,-38,-8,-18,27,-7,39,-24,-3,2,-15,-34,-20,16,31,5,42,-17,21,-26,4,9,-36
-23,28,-31,29,-33,17,-16,41,20,-25,15,-39,40,38,-11,7,-6,-37,-22,-9,34,19,1,-32,10,-30,-42,-2,-4,26,3,24,5,-21,36,-35,18,-14,12,-13,-8,27
-27,31,24,-15,-28,42,17,-20,37,-22,-35,41,-34,-33,4,30,-7,-29,-39,8,-40,10,36,-3,-26,25,1,5,18,-16,-2,38,14,13,11,-23,-9,-32,19,21,-12,-6
32,-41,-7,33,25,23,3,-17,22,27,30,26,24,40,-31,-36,8,-20,29,18,-37,-9,-6,-13,-5,-12,-10,-42,-19,-11,15,-1,-4,39,-38,16,21,35,-34,-14,2,28
9,-21,38,-19,12,-37,-11,20,-1,42,7,-5,29,26,-36,33,-25,27,4,-8,2,35,-24,23,17,-14,-18,-31,-13,-39,28,-40,-16,-41,-22,15,6,-3,30,32,34,-10
-20,11,41,-38,-19,36,-33,-22,-34,-13,-2,-28,10,-40,27,29,-21,-31,5,1,17,8,-39,-25,24,35,-15,12,-16,32,18,-30,7,9,-26,-6,-42,4,23,14,-3,37
31,39,-23,6,15,-4,-17,18,-26,-32,21,38,-27,20,-5,-34,7,-8,-42,-14,-11,-28,3,40,-33,9,13,22,41,36,-1,10,25,16,37,-30,-35,-12,-2,-24,-29,19
-37,26,-21,23,31,28,42,-38,19,14,-30,-18,-35,-10,-25,27,-39,12,-9,40,3,29,-4,36,15,-2,-16,-6,-22,11,-5,-41,34,-33,13,-24,1,8,17,-20,32,-7
17,-9,5,-8,-3,-40,-38,4,2,11,-10,-32,-31,24,37,41,-1,-36,35,30,-34,25,42,-14,-22,-27,26,33,-39,-20,13,12,-28,21,-19,18,-15,7,29,6,-16,-23
14,29,-32,-21,-22,-16,39,-10,-40,8,20,-38,33,-1,-23,6,-42,-28,-37,-11,4,5,15,26,-31,-24,-36,18,-2,35,25,3,-13,41,-30,27,19,12,-7,9,-34,17
-7,-4,11,2,24,34,1,19,14,-12,-3,10,21,-9,33,-42,23,36,-8,-37,-13,-29,-17,-5,40,38,-30,32,22,27,-39,-28,-15,-6,-41,-18,20,-26,31,-25,35,16
5,32,-29,-18,-1,-19,14,37,-10,9,28,25,-39,-7,38,17,-16,4,6,-22,42,20,30,41,-12,31,-35,-11,3,-23,-26,-2,36,-40,27,-33,-8,-15,13,34,-24,-21
41,-31,-5,7,3,12,-4,-34,21,-24,23,-6,-20,32,26,-28,-19,-40,17,13,-9,38,-11,10,-36,-15,30,16,42,-27,2,-14,-39,8,-37,25,35,-22,33,18,-1,-29
-11,13,7,-16,30,-32,-3,24,-25,36,1,20,-2,-27,-17,4,15,-38,37,-12,39,-33,-42,-8,9,-41,14,35,-31,-5,29,6,22,40,-28,-10,-19,18,-21,-34,26,23
-21,-40,-9,34,11,-7,6,-37,3,-38,-5,-33,19,-17,20,-26,14,28,-13,-15,1,-39,41,42,-30,16,-29,-18,27,25,-35,-36,12,-4,31,32,8,10,22,2,-23,-24
36,-32,16,-26,-20,-35,-31,27,41,-11,10,14,-17,-12,-22,-3,13,-19,18,5,25,15,29,-34,-21,4,-8,38,-23,42,7,2,40,24,6,-1,39,-28,-37,-33,-9,-30
-13,33,-20,-36,19,29,-10,-25,-11,7,9,22,1,21,16,-15,-37,-30,-5,3,-14,-12,24,-23,8,-40,-41,39,-6,18,-38,34,-2,-32,-42,4,17,31,-28,26,27,35
12,34,-35,-14,-6,5,41,-24,13,20,-40,-1,-9,4,23,42,32,29,38,-10,-39,31,-15,8,28,33,37,-25,-18,-36,-22,-17,-26,-2,3,30,-27,-19,21,11,-7,-16
13,9,19,18,-11,-15,31,-30,-2,-34,5,-22,-1,35,6,-21,-41,-4,-3,23,16,12,-20,32,-27,-42,25,-33,39,8,-7,-24,28,10,-14,-37,36,40,-29,-38,17,26
22,-23,-8,-28,38,-39,-34,3,-17,16,-12,11,37,-25,-35,-10,9,20,-30,-18,40,-1,2,-31,14,36,-32,4,-42,19,24,27,-41,7,15,-26,-13,-5,6,-21,33,29
-31,-36,10,38,-40,24,12,-16,23,-3,-22,-7,25,37,-26,8,-27,42,21,41,-19,11,-9,-6,-13,15,17,-32,33,-35,1,28,-29,-39,30,2,-14,-4,34,5,-20,-18
7,40,-33,12,35,18,-1,15,24,21,36,-4,39,-41,-8,34,25,-6,42,-23,-10,-37,20,-9,-17,-28,31,26,32,38,-27,-29,3,-16,-5,-11,22,-30,-13,-2,14,-19
-28,-11,-42,-10,-24,22,35,-14,-16,4,2,39,-25,8,31,9,-32,41,23,-40,37,-6,-19,5,13,-38,-34,1,-36,-33,-15,17,30,27,-7,29,-21,26,-12,20,-18,3
24,6,26,5,-4,-2,-39,-21,-33,29,31,42,-32,18,25,-35,-20,-14,-36,17,8,-40,-38,-1,-15,-3,-37,41,-10,-34,-11,13,9,30,16,19,27,23,7,22,-28,-12
-6,16,-41,40,-15,1,10,13,-18,-7,-17,21,-8,42,5,-2,11,9,-26,28,-12,34,-37,39,32,19,38,-20,36,33,35,-25,-30,-22,-31,-29,23,-27,-24,-4,3,-14
18,38,40,-13,14,-22,-26,-42,15,-23,41,-36,4,-5,-9,25,-34,-1,27,-24,33,6,10,20,-16,7,-19,-39,-30,29,37,35,-21,17,-32,12,-31,-2,28,-3,-11,8
27,-15,8,10,-12,-42,19,-3,11,-4,-9,5,-29,39,2,-24,-33,22,-7,21,-20,-18,-32,16,34,40,-1,36,13,31,-30,23,17,-25,41,-28,-38,37,-14,-26,-35,6
-33,14,39,16,20,-10,-40,23,-28,6,-15,-37,31,-2,11,-4,29,24,25,-5,32,30,-8,-18,-19,-36,42,9,-17,-22,-13,-21,1,35,-34,26,12,-41,-3,7,38,-27
-12,17,-15,39,16,21,-30,-11,38,25,8,1,34,-37,3,-5,-2,-35,-28,26,-6,23,-22,-36,-10,-20,32,19,-40,7,-33,-27,31,-13,18,24,14,-9,-4,29,-42,41
-38,-24,14,-11,27,-23,8,-7,-42,-39,4,-16,-21,-3,-18,12,28,15,30,-35,13,-26,6,2,33,22,-5,-17,-32,-19,40,29,-25,37,20,-41,-34,1,10,-31,36,9
39,41,23,-42,-18,-12,28,34,-15,32,-24,6,-19,17,9,31,-14,5,13,25,26,-27,-3,11,-20,-21,22,-7,40,-37,-16,-10,-38,-8,-36,35,30,33,-1,-29,-2,4
2,-1,22,37,33,15,-35,-29,18,-27,-23,24,-40,-26,-6,-20,38,-9,36,16,-25,-3,11,-12,21,14,10,34,8,-31,30,42,-5,-28,7,-19,-4,-17,-41,13,39,-32
-17,-37,-39,-25,32,-24,29,-35,-38,-33,12,-11,23,15,-14,-30,1,-22,-40,-42,-28,18,-13,6,4,27,-26,21,-7,16,34,-5,10,-31,8,41,2,9,3,19,-36,20
30,35,-14,9,13,-8,-20,6,-4,-40,39,-19,-5,3,-34,-29,-18,17,12,7,36,33,-27,28,-42,-32,23,-24,16,-1,-37,26,-22,15,-2,-21,31,41,-11,10,-38,25
-35,5,32,-23,-2,14,26,40,29,33,-19,28,-38,-6,36,18,31,-16,11,34,27,-30,4,-41,39,-7,-21,-12,-9,22,-17,-3,-10,-20,1,-15,42,13,-25,-8,24,-37
4,30,-16,-1,8,-13,27,-5,-22,34,-21,36,6,-31,-32,3,20,37,-24,-17,11,9,25,19,-23,42,-7,29,-28,-2,14,15,41,-10,40,-12,-18,-39,38,-35,-33,-26
-3,-19,1,13,-42,-18,30,25,-29,-36,22,-40,-4,-34,17,-27,-15,6,2,39,-41,-11,28,-35,-8,-33,16,-23,9,-7,-32,31,26,14,24,10,38,-37,-20,12,21,5
-26,3,-2,-30,-36,7,-6,-17,-20,18,-28,-13,12,27,35,-25,8,-10,-41,9,23,-38,-21,-39,16,1,-14,11,31,4,-29,33,-32,-37,-15,5,34,22,24,42,19,-40
21,-33,20,35,42,27,38,29,25,37,19,18,36,30,-24,40,-26,-12,-11,-3,-1,32,39,15,-9,17,-6,-34,-8,-14,41,-22,2,28,-4,-13,-10,-7,-23,-16,-31,-5
11,22,6,-27,17,-3,-21,-33,36,23,-1,-24,-26,-35,-40,28,-5,25,20,-19,7,-2,-10,12,-18,13,4,-16,37,-32,39,30,8,-38,14,-9,-29,34,-31,15,42,-41
37,10,-30,17,36,-34,22,39,32,-2,40,33,38,-29,-20,19,-4,26,-16,15,-35,-7,31,-42,-41,-18,-28,27,14,3,-23,-9,-12,6,21,-5,-1,-13,-8,-11,25,24
-34,-30,12,11,-37,33,-19,-13,-39,-21,-4,-3,8,23,42,-22,35,-41,7,-26,10,16,-14,-27,29,20,24,40,-25,2,-36,-38,-6,1,-17,31,5,32,9,-28,18,-15
-29,27,-24,14,10,11,15,26,-13,-5,-6,16,9,-4,-7,-12,-36,40,41,-32,-31,28,37,3,-38,-8,-2,-22,1,39,21,20,35,42,-33,17,-23,25,-30,-18,-19,-34
15,-39,33,-7,28,-21,4,38,30,31,26,-35,-36,-32,-1,-40,22,-42,-23,-25,6,-17,19,-29,20,-11,34,-5,24,-9,-10,14,-3,-27,12,13,41,-8,2,16,-37,18
-16,-8,-38,26,-14,9,-12,2,-6,19,35,7,-24,5,-29,1,34,-23,-10,36,30,-25,18,13,22,-4,41,31,15,-21,-28,-37,-42,-17,-11,-20,32,3,-40,39,-27,33
-9,4,27,-2,-41,25,-22,-15,1,-18,-26,35,30,29,8,20,-31,10,-34,-16,-36,7,-40,-37,-6,11,-3,42,-14,-13,17,-33,32,19,-12,21,24,39,-38,23,5,-28
16,-42,-4,3,22,-30,23,33,-35,13,38,37,-10,-21,40,-1,24,32,28,-31,14,-5,-7,-17,27,41,-25,-19,-34,6,20,-18,-8,29,9,-39,-12,-11,36,-15,-26,2
-36,-20,-34,19,-31,39,9,21,-7,26,-27,-29,-30,-42,-33,38,18,-17,-4,2,-8,-41,-28,35,-32,-10,11,23,12,13,5,25,15,3,-24,1,-40,-16,-6,37,22,14
-15,37,-17,28,-32,20,-23,-27,42,-14,16,-41,22,10,1,-11,3,-33,26,-6,-24,-13,7,21,31,-19,8,-4,38,-40,-25,5,18,-36,39,34,-2,-29,-35,30,12,-9
-30,-10,18,-34,-16,-26,-24,-28,-37,2,-31,-14,41,12,-27,5,-23,-3,-21,-33,19,36,17,7,-40,6,15,8,35,1,11,-39,20,4,-29,-22,9,42,32,25,-13,-38
