-22,17,-37,16,-23,42,-18,-34,-15,36,28,19,33,-20,9,-4,-2,7,-12,14,31,1,5,41,35,-27,26,-11,-32,38,-21,29,-13,8,-25,-10,3,-30,-40,39,-24,-6
-23,-37,20,9,18,15,27,12,-4,25,35,-8,34,26,-6,41,-42,-5,-32,-3,28,-30,1,38,-10,-14,-7,-21,40,22,33,19,-31,-13,-11,39,2,-24,-36,-29,-16,17
2,-1,41,29,17,37,32,-28,-34,-33,-26,-42,14,-13,38,40,-5,27,24,-35,25,-39,-30,-19,-21,11,-18,8,-4,23,-36,-7,10,9,20,31,-6,-15,22,-16,-3,12
-41,31,18,-32,-26,-8,27,6,-36,35,-12,11,-39,29,-30,-17,16,-3,22,33,23,-19,-21,-40,38,5,-7,-34,-14,15,-2,4,-20,28,-10,9,-42,-25,13,24,1,37
37,5,-15,23,-2,26,8,-7,-10,9,13,36,-11,-42,3,39,-38,-28,33,40,27,41,-4,35,34,-6,-21,18,-30,29,-32,31,-19,-25,-24,-12,-1,17,-16,-20,-22,14
11,-31,-10,-28,-18,30,16,-14,-20,3,-1,-38,-34,8,23,-7,-19,5,17,9,29,-24,-15,22,39,-41,-36,4,-21,-6,2,-37,-40,13,-42,27,32,12,-25,33,26,35
-18,27,-36,19,13,40,14,32,23,-35,-37,-34,-5,-7,-17,28,15,1,-4,-24,-26,-33,-9,20,38,21,-2,-16,-31,39,29,-8,22,12,10,3,11,-25,-30,-6,42,-41
-15,4,6,-2,11,-3,21,-31,-17,22,-5,20,18,-19,1,29,9,-13,14,-12,-7,-10,36,35,27,-30,-25,-34,-16,26,8,-33,32,28,-24,-23,41,39,-38,-42,-37,40
-15,38,6,-27,40,-3,13,10,28,-8,30,-26,-7,23,1,19,-18,17,-16,34,-24,-32,-14,21,-35,12,4,-9,42,-11,-41,22,-39,-20,25,-37,36,-2,33,-5,31,-29
31,15,-22,-5,4,32,36,14,-42,-41,21,-40,28,-8,-2,38,-34,-27,39,-25,-11,3,30,-33,20,29,18,-13,-26,-23,-1,-6,24,17,37,-7,-35,-16,-19,12,10,9
32,-27,-15,-39,14,-25,28,-9,8,-20,-19,-18,33,-5,3,-31,-34,12,11,10,40,37,38,-36,6,42,2,-7,-35,41,16,-1,-13,17,29,24,-22,-23,4,-21,-30,-26
28,30,21,41,19,-10,16,25,18,6,33,22,-26,36,-29,-7,-32,-9,-5,-42,-3,-12,-40,38,-8,13,-31,-1,15,-2,27,17,-11,37,-39,-14,-34,-24,35,23,-4,20
17,30,-37,-11,38,39,-29,-40,10,-9,4,-36,-25,28,-18,27,-1,15,23,-35,31,-34,-19,26,13,-24,-16,-14,7,-2,-21,33,-32,22,20,12,3,-5,-6,8,42,-41
7,-34,-21,6,-36,-4,-1,29,-22,14,19,-17,-33,-10,-20,28,12,-39,-11,15,3,9,32,-30,31,41,37,-16,-8,24,-25,-23,13,2,40,5,-27,-42,18,-35,-26,38
-15,32,-29,6,19,-4,26,-21,30,22,13,33,-11,34,1,-38,-18,17,-5,-36,8,-10,35,-27,28,-7,24,-25,3,-9,37,-2,-12,-14,-23,20,-31,16,-40,39,-42,41
-16,18,-40,15,-24,22,39,-13,-34,-33,12,-11,8,42,-4,1,29,-2,35,25,-30,-6,-27,5,-20,36,23,32,-17,21,-37,-28,10,9,-19,-26,31,-41,-7,3,38,-14
8,37,26,20,-39,-18,-27,-1,33,-19,-40,-13,12,-36,-29,38,28,6,10,-4,-24,31,-32,21,-30,-3,7,-17,15,25,-22,23,-9,-41,42,14,-2,-16,5,11,34,-35
-6,-19,-11,-22,16,1,37,9,-8,34,3,28,26,25,-32,-5,40,36,2,31,-30,4,-24,23,-14,-13,42,-12,-33,21,-20,15,29,-10,-38,-18,-7,35,41,-17,-39,-27
-14,4,36,-2,8,32,30,-5,11,-35,-9,17,-27,1,-40,34,-12,-29,28,-38,23,-26,-21,-31,-39,22,13,-19,18,-7,24,-6,-37,-16,10,-3,33,20,25,15,42,-41
34,32,28,35,22,7,-6,-21,30,-24,-27,-18,-36,17,-31,37,-14,12,39,26,8,-5,25,10,-23,-20,11,-3,33,-9,15,-2,-29,-1,-4,13,-16,-40,-19,38,-42,41
9,-31,-15,-7,-35,-38,4,27,-1,41,30,28,33,17,3,37,-14,-42,-40,34,-25,36,32,39,21,-29,-8,-12,26,-11,2,-23,-13,-20,5,-22,-16,6,-24,19,-10,18
-19,20,-15,29,14,-32,38,11,-21,12,-8,-10,-16,-5,3,13,-39,-27,1,-2,9,-36,42,-26,-33,24,18,-41,-4,34,37,6,25,-30,-40,22,-31,-7,17,35,28,-23
-12,-21,-27,26,-25,16,-42,9,-8,22,-32,1,-29,-18,-30,-6,38,14,-39,-24,2,-10,-31,20,5,-4,3,37,13,15,23,11,-40,35,-34,41,-28,-17,19,33,-36,7
12,21,-32,6,31,-4,29,-16,33,15,34,-1,-27,20,-10,8,-18,17,-35,-14,-2,-25,42,-30,22,-38,13,-37,-7,24,-5,3,-9,-11,19,39,28,26,-36,-41,40,-23
-35,-26,-28,34,22,-31,23,-15,25,-32,-27,-37,-17,-21,8,-20,13,40,30,16,14,-5,-7,33,-9,2,11,3,-39,-19,6,10,-24,-4,1,-41,12,42,29,-18,36,-38
4,15,24,-1,-39,-13,-31,25,-38,-20,-16,29,6,28,-2,11,36,23,-41,10,33,35,-18,-3,-8,27,-26,-14,-12,-42,7,-37,-21,-40,-22,-17,32,9,5,34,19,30
-15,9,27,8,41,-14,29,-4,-2,-19,23,-13,12,6,1,-42,35,-33,10,-39,32,36,-11,-28,-40,-34,-3,24,-7,-31,30,-21,18,26,-17,-22,-38,37,20,25,-5,16
19,30,7,41,-17,34,-3,-10,37,8,12,-11,35,24,38,-31,5,-36,-1,42,39,-26,28,-14,40,22,-33,-23,32,-2,16,-29,27,-6,-13,18,-9,-15,-21,-25,-4,-20
41,-12,38,11,25,13,19,28,-16,23,-4,2,-6,-24,-33,9,-26,36,-7,30,22,-21,-10,14,-5,17,-42,-8,35,-20,39,37,15,40,-29,-18,-32,-3,-31,-34,-1,27
26,29,-27,-7,-36,-33,4,-42,-21,-18,14,-40,16,-11,-25,-13,-30,10,-31,-35,9,-38,28,-34,15,-1,3,-23,-2,17,19,-39,6,24,20,5,41,22,32,12,-37,8
-27,-17,23,-10,-35,-7,6,-24,-13,4,-12,11,9,-36,-38,-40,2,20,-25,-18,-31,39,-3,8,19,42,1,-41,-32,37,21,29,-34,33,5,14,-30,15,-22,16,28,-26
21,26,36,-6,29,4,34,-12,25,-13,-40,8,10,31,-38,32,-37,30,-24,-28,-1,33,27,19,-9,-2,-23,20,-5,-18,-14,-16,-22,-7,-42,-3,17,15,-41,11,39,35
24,30,-7,20,-18,19,3,11,23,42,-8,-15,-33,39,12,-31,-27,5,-6,-4,-34,35,-9,-1,-29,40,17,-37,25,-2,16,38,13,21,-22,41,28,-32,-14,-26,-36,-10
41,-27,37,12,39,17,-32,15,38,-42,19,-4,28,-22,-8,26,-6,-36,-11,-35,-34,14,-24,23,-40,-16,2,-13,30,-29,-33,7,31,21,20,18,-3,-9,-5,25,-1,10
-9,-25,30,17,-37,20,38,10,1,-8,-36,14,39,-12,-35,-18,-4,16,22,-6,-40,-19,33,-32,2,27,-26,42,34,-3,-41,24,-23,-29,15,11,5,-7,-13,21,31,-28
5,18,-30,-23,-1,-13,36,-38,-28,-40,29,37,6,16,-26,-14,-39,-2,-20,19,-22,21,4,33,-32,15,35,9,-11,3,34,25,-24,-31,-27,-7,-12,8,17,10,-42,41
-30,34,11,16,33,-20,36,13,23,22,-3,-24,-8,-19,-21,-4,31,-28,14,6,15,-10,-9,12,-27,-38,25,18,32,1,-17,-29,-5,-2,-40,-7,42,26,41,35,-39,-37
29,-31,-26,35,20,16,-9,22,7,-27,28,17,14,-13,-21,-6,-12,-30,33,-5,15,-8,39,34,-41,3,10,-11,-1,18,2,-42,-19,-24,-4,-38,-40,36,-23,37,25,32
-11,26,-31,36,-34,-15,-39,23,-38,-12,1,10,28,42,6,-27,-37,-19,18,29,33,30,-8,-32,-35,-2,16,-13,-20,-22,3,24,-21,5,25,-4,17,9,7,41,-40,-14
11,-27,36,-12,18,8,-30,-6,37,-17,-1,4,33,31,38,-21,10,-5,-29,-42,16,-32,-40,-35,41,39,2,34,19,7,-14,22,-13,-28,24,-3,-9,-15,-26,23,-25,20
36,32,8,38,-22,-41,-28,-3,-30,-34,-37,24,-15,-42,13,27,39,33,-35,-26,-40,5,-29,-12,-31,20,-16,7,23,9,25,-2,-18,10,19,-1,11,-4,-17,21,6,14
4,24,38,-1,-28,17,39,-29,-20,-18,26,-42,32,-22,33,-27,-6,10,30,9,-41,14,35,-2,31,-11,16,5,8,-19,-25,-13,-15,36,-23,-34,40,-3,-7,-37,21,12
-16,26,-11,32,-8,-31,22,5,10,-9,3,-36,-19,-33,18,1,20,-15,13,-17,40,-7,-25,-27,23,-2,24,39,30,-29,6,-4,14,-41,-37,12,35,-42,-28,-21,34,38
-28,42,23,-9,-21,-36,-40,-41,4,-27,37,-15,-26,-34,12,-18,38,16,35,-25,5,-32,-3,-33,20,13,10,1,-30,29,-39,22,24,14,-19,6,-11,-17,31,7,8,-2
-38,12,20,28,24,11,30,-35,-25,-15,-6,-2,-32,-23,10,-40,-34,-41,-27,-3,36,42,14,-5,9,-31,19,-4,-39,-7,26,13,37,17,8,-21,-33,1,29,16,18,-22
-9,24,6,-20,15,-3,-42,-33,1,30,31,25,26,19,-5,34,-40,-28,-14,4,35,-39,36,-2,-12,-13,41,18,-32,-10,-11,29,8,-16,-21,-23,38,-37,22,17,-27,7
-11,30,35,42,-36,-22,-25,-15,26,34,1,-17,33,19,8,-29,12,-24,-14,38,-37,6,-40,18,7,-9,28,-27,16,-2,-39,41,-13,-10,-3,5,21,-20,31,23,-32,-4
-30,-38,16,-25,-8,-15,-14,5,-34,-26,19,-40,32,7,6,-3,28,-21,-11,31,18,-33,29,42,4,10,-37,-17,-23,1,-20,-13,22,9,-41,39,27,2,-36,12,35,-24
-26,36,-21,-12,-30,-33,31,41,-28,18,-32,4,-39,-19,-29,-34,-38,-10,14,35,3,42,-25,37,23,1,40,9,15,5,-7,11,6,16,-20,-2,-24,17,13,-27,-8,-22
-31,-22,-37,-6,25,4,-24,32,-15,11,-10,-29,-33,34,9,-27,-36,-42,30,35,38,2,-40,7,-5,41,16,39,12,-19,1,-8,13,-14,-20,17,3,-21,-28,23,-26,18
4,-30,7,-1,-14,-19,-3,-17,-25,34,13,35,-11,5,-38,-39,8,-40,6,-32,-26,33,42,-37,9,21,36,-41,-31,2,29,20,-22,-10,-12,-27,24,15,16,18,28,-23
38,30,19,35,-22,-40,21,23,26,-34,-18,42,-36,-32,-37,-20,-41,11,-3,16,-7,5,-8,39,27,-9,-25,33,-31,-2,29,14,-28,10,-4,13,15,-1,-24,6,17,-12
-7,-39,23,-8,-10,24,1,4,-13,5,37,-18,9,26,30,32,-34,12,42,-25,-38,29,-3,-6,20,-14,-40,35,-22,-15,41,-16,-36,17,-28,33,-11,21,2,27,-31,-19
34,39,17,-36,-41,8,-38,-6,29,-11,10,-21,-31,33,-26,-37,-3,24,27,-30,12,32,-42,-18,35,15,-19,-40,-9,20,13,-22,-14,-1,-25,4,16,7,-2,28,5,23
-17,15,-8,-20,-10,18,33,3,-38,5,22,-36,30,-24,-2,-35,1,-6,28,4,31,-11,-25,14,23,-32,29,-19,-27,-13,-21,26,-7,41,16,12,-39,9,37,-42,-34,40
-38,30,-12,5,-4,9,26,32,-6,-22,37,3,14,-13,-24,-31,29,-33,21,-28,-19,10,-41,15,-35,-7,39,20,-17,-2,16,-8,18,-40,25,42,-11,1,-27,34,23,-36
18,12,29,24,-31,-33,-28,11,15,37,-8,-2,20,-36,-9,23,-40,-1,21,-13,-19,-42,-16,-4,39,27,-26,7,-3,38,5,34,6,-32,-41,14,-10,-30,-25,17,35,22
-24,-29,-23,-35,32,-19,36,-30,31,-39,34,-21,-17,25,22,40,13,-28,6,-42,12,-15,3,1,-14,-37,-33,18,2,8,-9,-5,27,-11,4,-7,26,-41,10,-16,38,20
-27,-6,18,42,-39,2,-22,10,35,-8,-21,-14,28,12,-38,-25,-37,-3,-36,30,11,7,-29,-26,16,24,1,-13,23,-20,-32,31,-40,-41,-9,19,17,15,5,33,34,-4
37,35,29,10,32,-8,19,6,36,-4,-15,-34,28,-41,11,-40,39,21,-7,-38,-18,24,27,-22,-30,31,-23,-13,-3,25,-26,-5,-42,12,-2,-9,-1,20,-17,16,14,33
-27,3,-2,37,35,33,16,14,-15,-34,26,39,23,-8,9,-7,-36,-30,22,-32,-25,-19,-13,41,21,-11,1,40,31,18,-29,20,-6,10,-5,17,-4,42,-12,-28,-24,-38
36,14,40,18,11,29,-32,-19,-27,-39,-5,37,-23,-2,-22,42,34,-4,8,24,-31,15,13,-20,38,28,9,-26,-6,41,21,7,35,-17,-33,-1,-12,-25,10,-3,-30,-16
-36,15,40,10,6,-5,-13,-39,-12,-4,-22,9,7,38,-2,34,41,-32,-29,-28,-25,11,-37,-31,21,35,-42,20,19,-33,24,18,30,-16,-26,1,23,-14,8,-3,-17,27
12,10,-24,31,-34,-14,36,-23,42,-2,-32,-1,29,6,28,17,-16,26,40,-37,-38,41,8,3,-39,-18,-35,-15,-13,-33,-4,11,30,5,27,-7,20,21,25,-19,-22,-9
20,-36,31,34,12,16,-33,13,30,18,19,-5,-8,25,39,-6,41,-10,-11,-1,35,-40,-42,-29,-14,37,32,38,24,-9,-3,-27,7,-4,-21,2,-26,-28,-15,22,-17,23
39,-38,-40,28,-29,-19,9,-35,-7,36,-30,-25,31,17,-18,-41,-14,15,6,24,-42,-34,27,-20,12,-32,-23,-4,5,11,-13,26,37,22,8,-10,-33,2,-1,3,16,21
17,41,25,-9,-37,-12,-13,-35,4,11,-10,6,7,19,-21,27,-1,23,-14,36,15,26,-18,32,-3,-22,-16,-38,30,-29,42,-24,-39,-40,8,-20,5,28,33,34,-2,-31
6,8,42,-30,-25,-1,39,-2,40,32,29,22,-27,-17,23,19,14,-36,-16,26,41,-12,-15,34,5,-20,13,-38,-11,4,35,-10,-37,-24,-31,18,33,28,-7,-9,-21,-3
5,-17,-12,-23,-1,14,35,-26,13,20,-18,3,-9,-6,37,-19,2,11,16,-10,34,33,4,38,-28,8,-39,25,36,-42,41,-40,-22,-21,-7,-29,-15,-24,27,32,-31,30
-18,40,4,-3,-31,-39,-37,-21,34,-42,26,24,25,22,29,20,-30,1,23,-16,8,-14,-19,-12,-13,-11,-36,-33,-15,17,5,35,28,-9,-32,27,7,41,6,-2,-38,10
-2,1,-6,-8,25,3,33,4,-37,-42,-30,35,20,-40,-18,-17,16,15,-29,-13,36,23,-22,-31,-5,-32,-41,34,19,11,24,26,-7,-28,-12,-21,9,-39,38,14,27,10
-25,39,41,40,31,-19,-29,-42,17,34,28,-20,18,33,-27,24,-9,-13,6,12,32,-37,38,-16,1,-30,15,-11,7,26,-5,-21,-14,-10,36,-35,22,-23,-2,-4,-3,8
-39,-38,-27,-14,-11,12,22,42,-37,35,5,-6,-26,4,40,-29,-33,-23,-28,30,34,-7,18,31,36,13,3,19,16,-20,-24,-41,17,-21,-10,-25,9,2,1,-15,32,-8
-10,36,9,-19,21,-32,-37,24,-3,1,-12,11,-42,15,-14,25,33,-20,4,18,-5,-23,22,-8,-16,-38,-30,-35,39,27,-40,6,-17,-41,28,-2,7,26,-29,31,34,13
22,10,19,37,27,-30,-29,13,-21,-2,17,-14,-8,12,-35,40,-11,-20,-3,18,9,-1,25,-41,-23,-32,-5,34,7,6,-38,26,42,-28,15,-39,-4,31,36,-16,24,-33
-22,-31,32,25,-18,12,-24,21,26,-34,-38,-6,42,19,-35,-23,-20,5,-14,17,-8,1,16,7,-4,-9,-28,27,-39,37,2,-3,40,10,15,-41,-30,11,29,-33,36,-13
-40,-11,31,-24,-18,15,21,29,25,-17,2,30,26,36,-6,-34,10,5,-38,27,-7,-42,-28,4,-9,-13,-20,23,-8,-12,-3,35,-37,16,-32,-14,33,19,41,1,-39,22
-37,9,21,-17,-11,-32,24,-13,-2,-42,5,39,8,-30,27,23,4,36,41,-35,-3,-38,-16,-7,-28,33,-15,25,-34,14,40,6,-26,29,20,-18,1,22,-12,-31,-19,10
33,-39,5,15,-3,23,-16,-27,41,29,19,28,-32,-30,-4,7,-18,17,-11,-42,24,26,-6,-21,37,-22,8,-12,-10,14,-34,13,-1,31,38,40,-25,-35,2,-36,-9,20
-38,-17,-30,-39,9,-35,15,27,-5,-26,-22,-32,-18,-42,-7,-36,2,13,-33,-23,-29,11,20,-37,41,10,-8,40,21,3,-34,12,19,31,6,16,24,1,4,-28,-25,14
-28,-41,19,40,6,-5,8,-7,-17,42,34,24,15,33,-13,-31,9,-23,-3,22,-37,-20,18,-12,-32,-36,30,1,35,-27,16,25,-14,-11,-29,26,21,39,-38,-4,2,-10
23,-15,12,-25,-41,-35,17,14,-28,-33,-42,-3,-31,-8,2,26,-7,21,29,38,-18,-30,-1,32,4,-16,37,9,-19,22,13,-24,10,-36,6,34,-27,-20,40,-39,5,11
