17,47,4,-3,42,-13,59,-41,18,-39,43,-21,6,40,37,-19,-1,-9,16,26,12,-55,57,54,60,-20,-45,-31,-36,50,28,44,-49,35,-34,29,-15,-52,10,-14,8,-5,-11,-32,27,-48,-2,46,33,-30,-56,38,58,-24,22,51,-23,-53,-7,-25
9,48,-54,44,-22,-23,-53,52,-1,-36,-40,49,14,-13,-31,45,-37,-46,-28,-47,-24,5,6,21,-55,-43,-51,19,-35,59,15,-60,-50,-42,29,10,17,56,41,11,-39,34,26,-4,-16,18,20,-2,-12,33,27,-8,7,3,25,-38,-58,57,-30,32
-44,-15,-21,10,-39,-28,32,-49,54,-4,-24,-31,43,23,2,41,27,-52,-56,-36,3,-57,-14,11,-38,42,-17,6,55,53,12,-7,45,-40,-47,20,-48,25,5,34,-16,-26,-13,1,-33,-59,35,37,8,-58,-60,18,-30,-9,-29,19,22,50,46,51
29,-19,-42,-9,-48,51,30,57,4,40,31,38,-47,39,23,-18,36,16,2,33,46,-34,-15,-59,60,43,41,-49,-1,-7,-11,58,-20,22,-53,-17,-55,-12,-14,-10,-27,3,-26,56,54,-21,13,5,28,-52,-6,50,35,-45,37,-44,-8,-32,24,-25
-6,-41,23,57,50,1,-35,12,25,37,53,-8,29,19,32,-30,-42,46,-14,-24,22,-21,-3,20,-9,56,-36,-40,-13,16,-47,-15,44,-49,7,27,-10,52,-54,28,2,17,59,-33,-60,-18,31,-51,34,-5,48,-38,-11,39,-58,-26,-4,55,-43,45
60,27,-41,-56,18,29,-50,-30,-55,-35,42,-25,-45,-57,44,22,-40,-5,28,-48,-39,-16,53,-34,12,-32,-2,-19,-6,8,33,26,-31,24,10,58,47,54,21,17,3,-11,52,-15,13,49,-37,20,-46,7,-59,-43,-23,-38,9,4,14,-36,51,-1
48,-5,-16,11,2,-47,-49,46,-40,56,-4,34,26,-27,-39,3,-59,57,-44,-41,53,45,52,-33,-42,-13,14,35,-37,36,-51,55,24,-12,-28,-30,29,-43,15,9,20,25,38,19,-22,-8,6,-1,7,-60,31,-23,-21,-58,-32,-10,-18,54,17,50
-29,-54,21,-34,-38,-45,23,58,-36,18,50,41,20,37,60,-25,55,-10,-27,-13,-3,-53,-7,-56,16,49,19,43,1,-44,-46,-51,-42,4,47,9,-14,5,57,-48,-12,33,-28,30,6,31,-35,40,-26,-11,32,59,22,2,-17,24,-39,-8,-52,-15
-16,31,34,12,58,11,-28,-22,42,27,-6,-4,-26,-46,41,1,51,30,-37,48,-52,8,32,49,-50,13,-10,7,33,-18,-2,-23,-29,-3,39,-45,19,47,-35,-55,-15,-9,56,-53,36,14,-38,-20,-24,25,-17,21,44,-59,40,-43,60,-5,54,-57
28,49,-47,-44,-21,27,35,48,-16,-20,-19,26,-31,32,-36,9,-22,43,11,10,5,17,-33,-58,-45,-12,-6,-1,-51,-59,13,-14,23,-55,-7,15,-42,-57,-60,-54,46,37,-18,4,25,-41,3,-8,-2,-53,29,-56,50,40,34,52,38,24,30,39
-26,-55,-18,59,-13,-49,-43,-31,27,36,35,-19,5,-17,-30,-23,14,3,12,-40,60,-58,16,-44,54,1,-9,-33,45,15,8,53,28,-56,-11,-10,51,41,-46,20,-38,47,7,24,-29,39,-42,57,6,52,-37,-50,-32,-25,2,34,-48,22,-4,-21
50,58,9,-43,-45,20,10,21,-3,-7,52,29,-40,51,49,42,-44,-60,-48,-6,-8,-27,-26,-54,30,23,22,-53,-12,-25,59,38,-36,37,-41,33,-34,-32,56,13,35,-16,4,17,5,57,55,19,-15,-1,-14,-11,28,24,-47,-39,-46,-2,-31,18
-25,55,-27,-30,15,-41,-17,14,31,-22,-37,23,-33,-8,-5,38,7,47,-35,-43,59,10,-12,50,1,-52,3,54,56,4,-9,-40,13,48,19,60,11,-16,44,32,6,49,20,-39,-57,53,-18,-34,-42,-24,58,26,-46,-28,-2,-29,45,-51,-21,-36
57,-51,-12,47,36,21,-48,-26,-52,46,-42,3,27,-35,-60,-41,-53,-50,-58,56,-6,43,-37,30,-40,8,-13,31,-38,-24,-28,-49,-55,-59,14,-5,23,29,-45,25,16,11,-22,-54,39,-10,-4,7,32,18,2,9,17,44,33,-20,-1,19,34,15
-24,37,55,41,-43,40,-13,20,-11,45,9,-32,7,26,33,-21,-56,-19,18,-8,16,-48,29,1,36,-14,50,-58,-23,38,-57,12,-15,54,51,-25,-2,-30,49,-6,-4,-44,5,42,-10,-53,59,22,-39,-27,-35,-60,46,-34,-3,17,31,28,-47,52
-52,28,20,-40,-42,-56,35,34,-44,32,-49,-51,-36,-29,50,-22,-21,-39,-60,-3,17,16,58,-25,24,46,-37,-2,14,-31,30,-10,48,-8,-7,13,27,-41,18,4,38,5,-55,9,-59,-26,57,-33,11,-15,12,1,-54,53,43,6,-47,-23,45,19
27,-11,12,-55,-37,52,-25,-45,49,-48,2,-3,-18,-32,-47,58,30,13,36,35,-57,-54,59,53,7,-51,-1,-42,-50,-17,-33,14,31,56,-20,-19,5,-39,38,-46,-43,28,41,60,8,40,15,10,-9,29,26,-6,-24,22,4,-34,21,-16,-23,-44
-38,-16,-24,26,45,41,-21,-28,-18,53,-13,32,11,-43,-50,2,-29,9,54,25,7,33,-48,3,-20,-4,30,8,17,-27,-56,-12,-22,-58,-40,44,39,1,-37,35,-6,52,14,-36,-5,47,-46,23,57,15,59,-42,-10,-19,-60,31,-49,34,-51,55
-10,-52,27,-7,37,43,4,17,-32,1,-20,-22,-57,56,-41,33,-8,-50,21,11,-19,12,-54,-53,59,31,-3,-35,-36,47,-26,9,-16,46,28,29,-5,-44,48,60,15,49,-6,38,58,-34,-30,-39,-42,18,-55,2,24,23,51,-14,13,-45,-25,-40
-35,60,16,-36,34,-8,-14,6,-12,-47,17,9,25,7,19,-3,-11,23,-15,-54,48,-46,-18,-38,-13,-55,-41,-39,-57,49,58,-50,53,-5,1,4,-59,24,28,52,27,-56,-51,-45,44,22,10,-21,-30,32,43,-40,-33,20,26,42,29,-31,37,-2
43,-29,19,28,-52,53,-37,-32,57,59,41,-23,38,21,-56,-35,50,-26,-3,45,-14,-49,12,25,-24,18,-44,-4,2,31,-30,8,-47,55,16,-54,7,-13,60,-51,-11,58,-1,27,-20,48,33,-46,22,-17,40,5,-6,36,-34,15,-9,-42,-10,-39
-15,-22,-48,54,44,-29,24,-60,51,-17,-50,30,57,-23,1,47,10,31,46,32,-36,2,14,-7,-56,-34,-49,38,6,-12,-18,-20,35,26,-33,21,42,-28,-41,45,39,-37,55,-5,-40,-19,-16,3,27,11,-9,-59,-58,-4,-43,25,-13,53,52,8
-27,-45,-44,-5,4,-16,25,30,17,47,-59,51,-20,18,-28,6,-9,-14,-55,13,50,34,-52,-49,-7,-60,1,15,-53,-8,-41,-38,43,-22,-42,-57,-46,32,-48,-56,31,35,-33,3,2,37,-10,39,24,-21,-12,23,29,58,19,40,36,-54,11,26
16,40,10,-39,-17,23,54,-47,-26,-3,60,-31,-29,58,-48,-1,5,19,-18,-25,-53,35,-6,42,20,9,-30,-55,13,27,12,56,-38,-37,-22,59,34,33,4,-2,-50,-24,57,49,52,-51,8,15,-44,41,46,-45,21,-7,28,-32,-43,-14,-36,-11
-34,23,-35,-15,-25,-52,18,-50,-24,-38,-57,-37,-14,13,4,36,-27,-7,39,47,45,55,-2,9,5,-31,17,-46,49,60,26,51,59,1,3,-16,12,10,-19,-58,-56,53,54,48,-21,28,-20,-44,-29,8,-32,6,-42,-43,-22,41,11,40,-33,-30
-8,-46,60,51,32,-19,-12,1,34,20,49,7,22,-23,-58,30,26,29,6,-10,-25,-13,14,-36,21,-17,55,44,-18,-16,-42,-5,57,-9,50,24,-47,-53,-52,41,-40,31,-45,-28,43,2,37,54,-11,-35,-4,39,38,-48,-27,59,-33,15,-56,-3
31,-4,-50,2,43,-17,47,51,15,-32,-23,40,-60,25,-9,-26,6,-57,20,-19,42,-45,11,33,-14,16,35,-34,-49,37,-1,10,-24,28,-27,-41,-30,58,46,-12,36,-21,-5,-48,22,-39,-7,44,29,3,-8,53,-52,56,-59,-54,18,-38,55,13
46,19,17,-8,53,39,-11,4,-29,-41,7,-58,28,-22,36,-50,-3,35,-2,-59,44,14,34,60,27,52,-25,-13,9,-42,54,-56,-45,-23,-18,-15,-49,-47,-6,48,10,30,51,-21,33,-1,38,-40,37,16,-43,-26,-5,-31,57,32,-55,12,20,-24
-60,-7,-20,-10,-56,-38,2,-57,50,4,-31,46,42,-51,-26,-58,32,-40,55,3,33,30,-49,-35,-28,15,-48,25,54,-22,11,-17,-21,-52,24,47,53,6,45,18,-59,-13,-44,43,-39,-12,-36,27,23,-9,14,34,-37,-29,-19,5,8,16,41,1
-45,-24,37,-17,-22,60,8,-7,21,31,26,-29,59,50,-44,51,4,-32,-57,-54,-9,5,-28,2,-30,-11,-35,23,12,25,-10,18,52,49,27,-58,-3,53,42,43,55,-39,-40,15,1,56,48,-47,-34,-14,-16,-33,-38,20,-41,-46,19,36,-13,-6
40,-6,-26,33,39,2,58,13,-41,-12,29,10,-8,31,-34,48,46,-35,30,37,56,-23,22,44,55,3,32,53,-11,-19,-14,-27,-4,15,18,-59,-20,-60,-5,-1,9,51,50,-24,-47,-17,45,-16,52,-43,-42,-49,-28,-57,-25,-21,54,-7,36,38
23,39,-40,-58,24,56,-54,-9,8,33,-55,-60,30,-20,42,34,-43,44,-50,14,-22,21,-1,-5,-41,-38,-31,-47,32,-13,27,-29,-10,-16,-59,49,52,26,-2,3,25,-15,17,-18,-46,45,28,57,-36,19,-53,-37,51,7,11,-6,-48,4,35,12
15,-59,46,53,-11,-12,-22,16,-30,-21,5,6,56,54,-1,-8,-60,26,-51,-34,10,7,-50,41,49,-18,29,52,-27,9,45,48,58,20,36,-35,-38,37,43,57,-24,-55,-39,47,-31,-3,-44,-32,-25,23,19,-28,-4,-14,42,-13,-40,-33,2,17
-51,-36,-45,-11,8,18,-33,-5,-42,-46,4,-43,-32,35,-29,-49,24,-6,37,38,39,-26,25,-17,-23,22,31,-44,15,-58,-27,13,7,53,-14,2,-19,-20,-21,54,60,9,12,28,3,10,-48,47,16,55,1,56,-34,-40,-50,-52,59,30,-57,-41
58,45,-6,-41,-44,3,57,-43,-46,21,40,-38,51,-48,27,52,39,59,-22,24,-10,19,54,-20,-35,-42,-15,-60,-31,-56,29,33,-32,50,25,-55,-53,12,-17,-11,4,26,8,5,-2,9,49,14,-47,-34,-13,-16,37,-23,36,30,-7,-1,-18,28
-14,46,-60,-16,52,15,28,41,38,23,-53,17,-48,1,-6,4,-12,45,25,22,40,-20,-10,31,-19,50,51,-7,-58,44,-24,-43,55,-57,49,59,56,-9,47,-21,-8,-54,32,-30,-18,-2,-39,13,-35,-26,-27,-5,11,42,-33,-37,34,29,-36,3
-13,-26,7,52,-33,-39,-3,42,-45,-19,48,-49,1,-55,32,-36,-59,41,10,-27,-23,-50,21,51,38,2,20,37,43,-40,-34,-15,5,31,-57,16,-28,-25,6,30,-18,-8,-29,46,9,-44,-54,-11,12,22,-24,-4,-60,47,14,-58,35,56,17,53
47,34,44,-14,-23,-31,-20,-19,37,-16,27,-30,17,4,18,10,-13,-15,8,7,26,-51,5,39,41,-21,-11,50,-59,12,6,40,60,-2,-56,54,-9,-48,-24,-32,-25,-52,45,-3,-43,55,-1,38,58,-28,22,42,-57,-36,-46,35,53,-49,29,-33
24,25,-58,-48,-55,49,46,59,33,11,-10,36,19,15,-14,-42,23,-43,-13,-44,30,54,-17,-1,-2,37,34,-32,-45,-21,-60,28,-9,-27,38,-12,-26,-35,51,50,56,16,18,20,29,-7,53,4,-6,-40,-39,57,-47,-22,5,-41,-52,3,-8,31
-2,1,-34,-59,14,46,43,-25,-60,55,18,48,-58,-5,-16,15,-51,-11,42,28,27,52,41,32,8,-33,-21,-20,35,-50,-53,-24,26,3,-29,-37,36,49,-40,39,-23,-19,-7,-47,-56,-6,44,-12,-38,30,17,-22,31,57,-10,45,-54,13,4,9
22,-18,42,19,59,45,-34,44,-14,-49,20,15,21,9,-12,-55,40,2,-4,-11,-13,-1,28,-26,32,24,43,-23,-30,29,-37,-25,-39,7,-36,35,31,-46,33,-17,50,-3,-27,-8,-6,38,-52,-60,10,-41,53,47,-51,-56,16,54,58,-57,-5,48
13,44,-17,-51,38,-26,11,37,56,14,-7,-36,-1,-10,45,59,3,-47,34,-53,-28,24,-57,-22,-33,6,-55,21,46,-52,48,41,25,-19,54,12,-8,-5,-42,58,-32,39,-49,-2,-15,-29,18,-31,43,60,4,30,20,-35,27,-9,23,-40,-16,-50
7,-44,40,-54,-15,30,-1,-21,22,-53,-41,13,-12,-25,5,19,-26,36,-16,-45,8,-9,56,29,14,17,39,49,-24,-6,-58,47,-43,-60,-55,-18,38,-37,-27,-3,11,-50,33,2,20,51,-32,52,-28,42,-46,-48,10,4,35,-23,-59,31,57,34
-53,-38,22,-13,19,9,-58,-24,-6,-34,16,-33,4,49,-52,-11,-31,25,-5,46,-40,-3,-60,8,-18,-54,48,55,-47,41,17,-37,12,10,45,-51,32,2,-44,21,-30,57,-56,39,-35,-20,29,-27,-14,-59,36,15,1,26,-28,43,-42,7,50,23
34,53,-43,60,28,-54,9,18,-7,-42,-15,-20,37,-50,11,24,41,-8,35,12,27,31,44,-16,56,-32,-21,-5,38,-39,-22,26,40,-1,-19,-49,-13,-29,30,-33,-17,10,3,-23,-55,59,-57,51,36,14,-48,58,-2,6,45,-25,47,-52,-46,-4
-32,54,18,-26,-34,-46,16,-58,55,15,13,31,-11,-45,-10,-7,21,-3,-38,-35,-17,-28,24,-23,-57,4,-56,22,40,-41,-12,1,-59,5,20,51,43,19,-49,-29,30,53,-37,-60,14,6,52,50,-39,-48,-36,-47,-42,-2,-9,27,25,8,33,-44
3,16,-1,36,57,-44,-30,19,-54,-55,38,-48,40,41,21,-2,-35,-53,-8,29,-15,26,31,28,37,-22,-52,-24,-20,7,-23,39,-60,-43,17,-4,-25,-11,-32,-13,-14,-51,34,6,-49,-47,46,12,45,-56,42,27,18,9,10,50,-5,-59,58,33
11,12,-10,21,-7,19,5,-42,-15,3,-1,-2,45,-54,9,53,-52,60,-6,-37,-4,32,-40,-43,48,41,46,-57,58,51,-38,-22,36,-39,-50,-33,20,31,34,23,-26,8,24,-55,-13,-27,-59,-25,-56,35,-30,17,-16,14,44,49,28,-29,47,-18
-11,-47,-23,-38,-53,55,19,-48,46,60,1,35,-44,-34,-51,-52,-20,-28,7,17,25,58,3,-32,-21,36,-33,18,59,-54,57,24,27,14,-12,-26,-39,4,37,49,43,-45,-41,13,42,-9,2,8,-40,56,15,16,5,30,6,-50,-31,-22,-29,-10
-17,9,-59,-33,-36,-60,-10,-53,-2,7,-26,45,55,29,52,-34,1,-21,27,-32,18,38,47,44,-31,11,-19,-37,-14,43,25,20,4,16,48,5,28,-22,-58,41,-40,-57,-30,-24,-12,54,-23,-35,50,-49,56,-15,8,-46,-13,-51,42,39,3,6
19,-58,30,49,22,-50,14,24,-23,-31,-54,-35,44,-7,16,-15,28,51,-1,-56,-33,-5,9,-8,53,-27,26,-17,-46,-3,10,-39,21,-36,12,34,59,-45,32,-43,48,-47,40,-13,38,29,42,-41,-4,6,-18,-57,-25,11,60,20,52,2,-37,-55
-22,-32,-7,55,-46,-34,3,50,36,-24,56,52,-54,53,-25,-27,-38,-42,-49,41,51,1,-59,10,15,39,16,33,48,57,-40,2,-28,6,-58,-9,-44,17,-26,31,-20,18,-60,37,47,5,-45,-29,19,-8,-21,-12,-14,13,-4,-11,-30,35,23,43
-57,55,8,-24,-30,59,-31,-3,20,-52,-43,22,-42,-16,46,14,-18,17,-23,-9,-56,-12,19,4,-26,25,36,-38,-32,5,7,29,49,-48,41,-27,54,28,53,-45,-35,13,11,51,40,-15,60,34,-33,58,-44,10,-39,-37,-2,21,1,-50,-6,-47
-4,20,47,1,60,57,26,9,-8,28,-25,37,36,44,35,29,-41,55,22,-2,23,-19,-21,-39,11,-7,-58,-10,-16,34,43,-53,46,-30,-15,-13,-12,-49,24,-52,17,56,-31,-14,-48,-33,-3,45,38,-51,50,40,32,59,-18,-42,-6,27,-54,-5
33,-28,-56,32,31,22,51,-17,48,52,-34,-41,-35,-49,-19,23,8,58,15,59,57,-6,-16,37,43,53,42,2,30,-29,-5,-4,-1,11,13,39,-24,40,-36,-38,12,-27,-25,45,-44,60,50,-9,14,-47,-7,-10,-26,-55,54,3,-21,-18,-20,-46
56,-33,-13,23,-26,-24,-57,-46,20,49,32,-40,3,43,-55,-28,-34,-22,60,-9,-50,18,-4,6,-39,5,-59,16,-38,-53,-35,-11,2,17,31,-42,45,29,25,12,47,36,-14,-51,-37,8,-41,-58,-10,21,44,-54,30,52,15,-1,7,48,27,-19
-48,24,25,-32,-47,-21,39,-36,-43,-56,14,42,-27,-11,-23,55,54,-34,-31,-22,6,20,15,-2,-3,33,13,40,52,46,19,4,-26,18,-60,8,-58,57,-7,-28,-53,-12,9,-50,51,-30,5,1,59,44,-45,-29,41,-17,-16,10,-38,37,-49,35
39,56,-45,-23,41,26,-52,31,-48,51,-28,-17,53,-58,54,-46,12,33,-43,-50,34,-24,4,22,29,-6,57,11,-25,-49,-8,36,-18,-21,-44,-32,55,-40,-1,38,-5,59,19,35,3,16,-60,9,30,20,-10,7,-13,-15,-37,-2,-27,14,-42,47
-41,42,28,25,-40,31,-19,-35,12,-30,47,-9,56,22,34,60,-46,-45,-7,51,58,-14,-39,27,-4,48,-24,-3,37,10,-6,-52,50,-15,8,57,-29,55,23,5,1,-2,53,54,18,17,-11,-26,-59,-33,-20,32,-43,-44,-38,13,-36,-21,49,-16
-28,-10,24,29,9,-42,53,-20,-5,2,-39,25,-32,59,-33,-54,-55,-34,48,8,-60,-44,-30,-3,-12,45,49,1,-4,23,36,13,15,18,46,-31,-51,-56,11,-50,-57,6,-52,22,-26,-35,-58,-19,-27,40,37,43,-7,16,17,38,41,47,-14,21
54,-39,-22,30,55,32,56,40,10,-9,-29,-28,-49,36,-35,57,52,-51,-59,-46,24,3,-45,-21,58,60,37,12,11,-4,34,-6,-48,-31,15,-14,-27,50,2,-8,-47,44,-53,-42,23,20,41,33,13,-38,18,-17,43,-1,-5,-7,-16,-25,19,-26
-20,52,-11,-37,28,-58,-42,32,16,48,3,55,35,-24,56,-9,-36,27,-41,1,-47,25,43,14,-22,-46,-18,-5,44,-33,39,-8,30,38,-13,17,4,-34,-31,59,19,7,-23,-29,57,26,21,-10,51,54,-49,-2,60,-50,-12,-15,-45,6,-40,-53
-21,14,36,24,-7,-35,5,-12,-51,-18,34,8,33,-2,-19,-57,29,10,15,-28,1,-39,50,-4,-53,-47,-54,20,-17,58,-59,-43,-13,-11,6,-3,49,-45,22,-44,-52,-46,32,40,38,42,26,-55,-37,-23,9,41,25,27,48,60,16,-30,31,-56
6,-35,-53,50,-31,-1,37,-23,-27,-28,15,-34,-17,46,-11,-29,13,-41,-26,-39,32,47,8,43,-58,19,9,10,16,33,5,-21,-30,12,2,45,-7,59,20,55,18,54,-24,-60,-36,-14,-22,49,-48,-4,52,-51,3,-42,-40,57,-56,25,-38,44
36,43,-9,39,-16,14,38,-27,3,58,-47,-26,15,-6,-13,5,44,-30,-52,34,-41,46,-56,40,42,12,8,57,51,18,53,59,-50,-20,60,-1,-45,-7,-4,-24,21,-25,-2,-17,37,-22,11,-54,-55,33,-29,19,-31,48,49,23,-28,-10,-32,-35
-50,-40,-14,-15,12,-49,-18,23,32,35,-46,-5,-43,3,4,25,-24,7,29,42,55,-33,-8,17,-16,-44,28,-27,-19,-60,-47,-9,22,45,-10,56,48,-54,58,2,53,-20,13,26,-34,11,31,-37,6,1,57,59,-41,38,-21,-36,-51,-39,-52,30
32,-17,35,-25,-19,-59,31,43,13,-57,44,58,-9,-30,47,-38,2,28,5,-55,-26,37,39,-48,4,21,-29,-18,27,14,-7,-1,41,52,-3,-50,-22,16,-23,51,-33,60,-8,-11,46,-45,-15,24,56,36,-40,-34,54,-53,20,-49,10,-12,6,-42
-46,-60,51,18,27,-57,-44,49,-17,-43,-32,53,50,-42,-59,-20,9,-4,-24,16,-35,-47,45,19,40,-56,-5,55,-48,-36,52,11,-37,-41,21,30,33,-58,54,-25,34,14,10,7,-23,1,22,29,-8,-13,-3,-31,-12,-39,-28,26,6,38,15,2
-55,17,-36,-19,54,25,-40,-15,14,-50,33,-47,52,-9,8,31,-2,34,4,-38,43,56,-29,-30,-6,-39,-42,-51,23,24,-16,-35,-11,-18,32,3,-57,20,26,7,-46,27,-21,59,53,41,12,58,60,10,28,-13,-45,-5,1,-22,37,-48,-44,-49
-24,-8,32,37,-12,55,22,2,-53,29,30,5,-28,57,31,38,19,-23,-17,-60,36,-7,18,1,-52,54,59,13,-10,-11,-15,-3,47,58,-39,-21,-4,-16,35,-41,40,-43,42,-56,48,-50,-33,-45,-51,46,49,25,9,-26,-6,44,-14,-34,-27,20
55,-49,43,13,-59,-9,40,38,6,-15,-16,-42,-4,-26,10,11,60,-27,-54,-21,20,50,30,57,34,14,18,45,47,-23,-32,31,-41,-25,-51,-48,-52,-8,-56,-7,33,12,-3,53,-28,58,-29,36,2,-22,35,37,-44,19,-1,39,-24,-46,5,-17
-54,51,-28,-29,49,12,-41,27,30,39,46,-6,-55,-52,-37,-40,-48,24,33,31,-32,42,-53,-18,-47,-50,-8,3,4,-9,-20,21,-19,-35,34,-38,15,36,-10,16,7,-22,-59,-57,56,-11,25,17,-5,26,-2,14,23,1,13,-45,44,60,43,-58
-31,-27,41,-47,11,-18,-45,-44,52,-14,-5,-39,35,10,59,-51,49,6,-36,53,-54,29,-34,58,33,-37,2,-56,-22,48,1,-46,-25,23,-13,19,26,-50,12,-57,-3,55,60,8,7,32,4,-30,-17,38,16,-9,-20,21,-42,28,40,-24,-15,-43
52,36,39,-12,-13,-32,-27,26,-19,54,-21,4,5,-59,-57,44,-50,-37,9,-49,11,-25,40,-41,22,-8,7,46,34,-35,55,6,56,-29,30,-2,18,43,-3,-23,24,45,-38,-16,-42,-28,51,-53,20,17,-47,-1,48,-10,-31,-33,15,-60,14,58
-58,18,31,56,33,28,44,-34,45,50,32,19,-23,17,-27,-43,-14,-2,-12,-26,-55,-42,13,47,-51,20,15,-6,53,-38,-3,-11,-5,8,57,-60,-54,30,-59,-49,-48,22,16,-7,-9,-52,-24,41,40,-10,25,46,-29,37,21,-4,-35,1,39,36
8,7,-46,-20,-54,10,-2,-1,-59,-6,22,-18,47,-40,48,-60,53,12,45,4,-51,-11,-41,-57,27,29,-25,56,-26,-34,37,49,38,30,52,42,-31,-33,-55,14,23,-36,-50,58,-19,3,-13,-15,-32,43,21,-35,-17,5,39,-28,24,-44,9,16
-49,-43,57,6,21,-4,-36,47,53,12,-46,-10,-22,-41,-38,27,31,-56,58,-51,-5,13,-42,-37,26,-25,-16,-52,50,60,-17,35,54,-45,-32,7,24,15,59,44,14,-23,2,-40,34,-11,-8,55,1,-29,20,28,-9,-33,-48,18,-3,-19,-39,-30
-9,50,-19,-55,7,60,-5,-56,1,-54,45,33,-21,16,-53,-14,20,-29,3,-17,13,-43,27,28,-48,-57,-23,-24,18,-47,51,52,-12,46,37,-39,-35,-40,36,38,49,-59,22,-58,-11,-34,30,25,-41,-2,-31,-32,15,10,4,8,26,44,42,-6
20,-14,11,-21,46,-37,34,-38,19,25,-3,56,41,2,26,39,-57,40,-9,-1,4,36,-31,-42,-10,-15,-43,47,-52,-51,23,50,-58,-7,-49,-22,6,8,-16,-18,-13,24,27,55,-48,-5,-28,45,35,-32,30,29,59,-60,-44,-12,17,33,-53,54
14,-34,-51,38,-27,-20,-16,36,-25,26,-30,-50,-39,-1,28,7,37,21,32,6,-18,-59,-47,52,9,-10,5,-15,57,11,40,-19,-46,2,43,-8,-17,-4,13,-31,44,-58,-35,-41,60,33,23,-56,53,12,3,-24,-49,55,-54,48,-29,42,22,-45
-56,22,-39,-6,48,4,21,-52,44,-25,28,59,60,-37,40,46,58,-33,53,-29,-7,-2,49,55,10,-35,-50,-11,20,-45,-36,-34,18,32,26,31,14,51,3,-15,42,-41,-57,-9,30,-16,54,-5,-23,27,-38,8,-19,-47,-24,1,43,-17,-12,-13
-40,13,-37,-45,47,34,15,-14,29,-27,57,-54,-2,8,-7,-32,-25,-58,-20,19,-43,39,36,-60,17,51,10,-41,-9,49,56,16,-48,-6,53,-23,3,-59,-22,1,28,46,21,52,4,-42,-5,33,-30,-55,-26,-44,-35,12,50,-31,-11,18,38,24
25,15,33,42,-51,-10,-38,35,-28,6,37,-17,-19,22,-2,43,12,32,13,44,47,-14,55,26,-1,-24,54,9,41,56,-45,-18,-3,-46,-8,48,-11,7,52,-60,-29,-4,-16,-20,31,34,-21,-36,-53,57,5,-39,49,-27,-23,-30,-50,59,-58,40
-33,-30,50,-46,10,-7,6,29,26,-5,-14,20,58,11,-43,-53,38,48,47,-12,-59,-40,-35,-60,-37,-9,45,41,-8,2,42,-36,1,39,23,32,25,-17,-34,22,-28,-31,15,57,-27,4,-19,-18,56,-3,54,-55,16,-51,52,-49,-44,-13,21,24
-42,41,-29,40,-18,-43,27,-51,-47,44,-52,-53,-59,-15,14,-37,-19,5,17,30,35,60,-46,38,-54,-48,-7,36,3,-20,-49,-45,-56,-50,-21,-28,16,-24,-57,-4,-2,1,6,-10,32,23,9,26,31,34,8,11,12,25,58,33,39,-55,13,-22
-3,21,1,22,-41,33,-9,-40,7,-26,39,18,-53,-44,-42,-48,59,-12,-32,23,-2,-4,-20,46,51,10,-38,-54,-60,52,47,19,-6,57,56,43,58,27,-11,8,5,15,-36,14,55,-24,-31,16,-50,49,-25,-30,13,28,-45,-35,-34,-37,-17,29
51,30,48,46,-29,17,33,25,-35,13,55,57,-10,-60,43,26,-6,52,-34,-23,28,53,20,36,-8,-16,40,-21,5,-2,49,-47,-7,19,9,-24,-56,44,42,-27,59,-39,-15,-38,-58,-4,32,-3,-31,-54,-1,-18,-22,50,-11,37,-12,45,-41,14
37,-57,-8,15,17,-30,-47,3,41,-11,10,44,18,24,-4,-31,-5,-13,-45,36,38,48,58,-14,-60,-49,-32,-43,-55,6,16,27,34,-33,-52,-20,-1,-21,-51,42,-9,-40,28,-12,19,-54,7,-22,26,59,39,35,56,46,29,-53,2,-23,-50,25
4,-42,-15,-1,-9,-33,50,11,5,-44,-8,-57,-37,-28,3,35,45,-20,41,18,-46,-38,-51,56,31,30,-47,14,-39,-26,-25,-55,6,-53,-16,-52,13,22,29,-59,-19,2,58,10,-17,21,27,60,54,-7,23,36,34,-49,32,-24,12,-43,40,-48
-12,-13,-55,16,6,-5,53,-29,-10,9,59,1,2,30,-17,-4,15,37,-25,58,49,23,-22,-45,19,-36,44,-48,8,-14,-52,57,-35,51,33,26,-18,60,-50,47,-54,43,-42,-27,24,-56,-40,28,-21,39,-34,31,-7,41,3,46,-32,-20,-11,-38
-5,4,49,-2,1,16,13,33,35,38,47,-24,-7,28,55,-6,-30,20,51,-18,-31,27,46,12,-36,-41,-22,-14,39,17,21,42,-8,-54,-9,25,40,-10,-29,-37,26,-32,-48,50,-53,-23,-11,43,-3,-44,-19,-58,45,34,-15,-57,56,52,-60,59
-18,-56,38,7,29,36,-4,-39,-34,-40,23,-45,-41,33,30,-59,-47,1,-53,43,54,-35,-11,-28,52,-55,-46,24,-5,-15,-50,37,-14,9,22,-6,-32,3,8,10,13,44,-20,-42,12,27,17,-49,48,31,-58,-25,19,-21,-26,2,-60,51,16,57
21,46,15,14,-20,-53,60,-10,40,8,-58,-27,54,-4,-3,50,42,-59,49,5,-1,57,38,-29,-43,47,12,45,24,39,-55,-33,32,-51,44,-56,-41,-23,-30,9,37,-17,25,-35,-28,2,-26,-52,-19,-16,34,48,6,-13,31,36,-22,11,18,-7
35,59,-31,-42,-60,-27,-51,28,39,-37,-44,22,16,-47,38,-13,-32,-48,52,-57,-45,-12,33,-50,-29,58,6,-8,25,54,3,17,-23,41,-1,46,10,-15,-9,56,-34,4,49,11,21,-36,14,18,-43,24,7,-19,-55,-30,53,-40,20,-26,-2,5
53,6,-25,48,30,-2,44,-54,-10,9,-22,27,23,-33,57,20,35,-36,-46,-16,52,11,-13,59,3,40,-12,29,-28,-5,-39,-58,14,-38,-17,18,60,34,31,-26,51,-49,-47,-7,50,19,43,-4,42,-45,-41,-21,-1,8,56,-55,-15,32,-24,-37
-43,-3,2,9,26,27,-8,7,-4,-29,12,-11,-51,42,-18,-56,-39,15,24,60,-38,-41,-44,-19,45,-5,-6,-36,10,55,35,-59,-52,-47,-31,28,-40,21,17,37,22,-14,1,23,-25,-58,34,-50,-54,48,13,33,57,49,-30,16,-53,46,32,-20
-23,10,-5,-53,3,15,-60,-37,24,-2,36,21,-16,-38,-6,13,-45,-49,27,57,-12,-52,1,-9,-46,-59,-19,-50,31,-32,-29,30,51,-44,58,-11,8,14,40,-39,-55,48,-54,34,17,25,-56,-42,18,28,-33,22,4,43,41,47,-20,-35,26,7
19,29,56,17,-57,13,42,-18,-23,24,-33,47,-6,-36,39,49,-4,8,-1,54,-27,-60,9,-10,44,34,21,59,-2,40,32,-31,11,-26,-37,14,35,-55,-15,-30,-58,-7,-46,-25,-50,43,-12,53,-16,45,-52,51,-48,-20,38,-3,5,41,-28,22
5,-31,52,-22,-1,-51,-17,56,-13,-33,58,54,9,20,-24,-47,7,-55,59,-14,41,4,48,15,-49,57,53,-29,28,-37,2,-44,10,60,42,-40,30,45,-43,36,-21,-35,39,32,-38,50,16,-23,25,-46,6,-3,-27,-12,18,-8,-26,-11,-19,-34
-4,3,-2,1,-58,-11,-39,15,60,16,6,-59,-25,-19,-8,-10,57,49,14,50,-34,-29,-32,-51,13,-45,38,-30,22,28,46,23,-44,21,-54,55,-41,-27,7,-42,37,40,48,33,26,-31,56,-43,-18,-20,24,-53,52,35,-36,-47,-17,5,12,-9
42,-21,58,43,23,8,48,-6,-20,30,51,-56,-29,34,24,17,-16,54,50,9,2,-32,-5,-15,46,35,-57,39,13,-10,-44,22,37,-14,-26,38,-33,-36,-28,53,-49,-1,-4,31,59,-25,-55,-7,41,-19,-11,60,-40,-18,47,12,27,-3,-45,-52
-30,38,-47,20,25,-15,-59,22,-50,57,-45,16,46,52,6,-12,18,-17,-33,-4,-49,-8,-24,23,-5,55,-60,34,-56,1,-48,-42,19,-28,-43,40,44,-2,-53,-36,58,32,35,-37,11,-13,3,31,21,9,-54,-14,39,51,-26,29,-10,-41,7,27
-37,-53,-30,-54,51,58,49,-16,59,-23,-27,43,-34,45,-40,8,47,56,44,-52,-42,41,10,-31,28,32,11,-25,60,3,24,-26,39,13,55,-46,1,48,-33,15,-22,21,-12,-19,-14,36,-17,-38,-7,-57,-5,20,2,4,-35,-18,50,-6,-9,-29
18,35,53,5,-4,50,41,60,-58,-51,54,-14,31,12,-20,-17,16,-1,26,15,-30,28,37,48,-32,-19,33,-22,-44,21,-13,25,-27,42,-2,-43,-23,46,55,-47,-7,-34,36,29,-52,-38,40,-24,-57,-6,10,45,-3,-11,-39,-59,49,9,56,-8
38,57,54,58,35,-48,-56,45,-21,43,-12,11,-52,-31,-22,32,-23,-25,-39,51,9,15,17,-55,18,-40,60,42,-33,-46,14,-16,29,59,-5,53,-50,-1,19,26,-44,-28,-10,41,-8,30,-49,6,47,37,-20,13,-36,-3,24,7,-2,-4,-34,-27
-59,33,-32,34,-50,38,36,-37,23,-58,25,24,-56,-18,-45,-44,-54,14,-42,49,29,-31,-9,-12,-11,-30,47,51,-21,26,22,3,-2,-4,-48,-7,8,-6,43,-53,52,19,-39,16,15,-60,-27,35,-20,5,-28,-41,40,17,-57,13,55,10,1,46
44,-12,45,-52,56,-36,-55,53,-33,34,-60,2,48,27,22,54,25,-24,-29,-30,-37,-15,-58,18,-17,59,-14,-35,19,20,-43,-57,9,-10,28,6,21,-51,-47,46,-42,41,31,-1,-3,-40,39,-13,50,-49,38,4,-8,-16,7,-5,32,23,-26,11
2,-1,6,-28,16,-3,12,54,58,-59,21,-7,24,-53,20,-5,48,39,23,-15,-11,49,-19,-13,47,44,52,4,-41,35,60,45,-51,40,-30,50,57,42,-18,-34,29,-38,46,-26,-32,-43,-25,-17,-22,-36,33,-27,14,-8,-56,55,-37,-9,10,-31
-39,-25,-57,-60,-49,24,-29,-13,11,42,-9,-55,8,47,51,37,-33,-31,38,-58,-44,-56,26,-6,2,-23,-40,-59,7,-48,18,-41,17,43,-46,52,-16,-19,1,27,32,-10,-34,21,-54,35,-14,30,5,53,-15,-36,-50,45,12,22,3,20,28,4
45,51,-41,27,-24,-22,16,-11,-49,-31,8,39,-38,48,-46,-7,-58,42,-21,40,19,6,-55,5,-44,28,-4,-26,-43,-57,10,34,47,-32,59,-53,50,13,-12,-20,3,-18,29,25,-1,15,-33,-14,9,-37,-2,54,36,-52,23,-60,30,17,-35,56
26,11,-33,8,40,48,52,-4,28,41,-2,14,39,-12,53,21,22,-51,57,-42,-16,-17,-38,35,-59,-1,56,-9,-34,32,-54,-30,3,29,-24,-44,-60,23,-13,-5,-10,20,-58,36,49,-55,-50,-6,-45,47,18,-7,-15,31,46,-27,-19,43,25,37
59,5,13,45,-2,-14,55,10,-56,-8,-51,-16,-3,6,-54,12,-49,38,-43,21,-20,-37,60,-40,35,27,-26,30,-42,-28,41,-48,-53,36,-25,-34,22,-18,50,24,-31,29,19,-52,-4,-57,58,32,17,-39,11,44,33,15,-7,9,46,-47,-1,-23
-7,-23,14,-49,-35,54,1,55,-57,-60,-18,28,-15,-3,13,40,33,11,-52,-31,-29,-56,2,-27,-34,-58,24,-12,21,-43,20,46,-17,25,5,37,-36,39,-38,-16,-45,-48,30,-59,41,-32,-53,42,4,51,-50,19,47,-6,-8,22,9,26,44,10
-47,-36,29,-50,-14,-40,-26,31,43,18,19,-13,12,5,-32,-45,56,-10,-11,39,37,44,51,34,-27,7,25,60,-3,42,-8,15,-54,-24,-38,2,-21,35,-20,6,57,-30,-9,-22,16,52,1,59,-58,4,-23,-46,55,33,-53,-17,-41,49,-48,-28
-34,-9,-49,-31,-6,5,-32,-33,2,22,-35,-44,-30,60,17,56,-15,53,43,52,-58,-10,-36,45,39,38,-28,27,-40,13,4,7,8,1,11,23,46,-26,-25,29,54,50,-19,12,-24,-37,-51,-57,3,-42,47,-20,-18,-41,59,-16,48,21,-55,-14
49,8,-4,3,20,-25,-24,-2,-37,19,-17,60,34,-21,58,18,11,-16,-10,-5,14,40,-43,7,6,-52,-39,32,-54,-55,50,-28,-57,-13,-45,-47,9,-42,27,-22,-51,38,23,-46,35,44,36,-59,-1,-31,41,26,-56,29,30,53,33,-15,48,-12
30,-50,5,-57,-3,44,45,39,47,-23,-56,-52,49,55,25,28,34,-38,31,-33,-48,51,10,-46,-15,-29,58,-16,26,-1,-19,-54,20,-17,40,41,-43,18,-8,-35,-36,-60,37,-6,-7,24,-9,21,-13,2,-22,12,-59,32,-14,11,4,-27,53,42
41,-37,59,-18,-8,47,29,5,-31,-13,-38,50,10,-39,-21,-24,-28,4,-30,27,15,-36,35,16,57,-53,-20,17,-7,19,9,43,42,44,-23,22,2,11,14,58,-1,-33,-32,-34,-51,-49,-6,56,46,-12,45,55,26,60,-52,-48,-25,-40,-3,-54
