30,18,8,-29,11,-25,-28,-3,15,-22,-5,20,-16,-17,-9,13,14,-2,27,-12,-24,10,-26,21,6,23,-19,7,4,-1
-19,-10,-9,-11,24,23,20,-21,3,2,4,-25,-30,18,-26,22,27,-14,1,-7,8,-16,-6,-5,12,15,-17,-29,28,13
10,27,-13,6,-28,-4,-24,-22,-18,-1,-30,-15,3,-16,12,14,19,9,-17,26,-23,8,21,7,-29,-20,-2,5,25,11
-18,24,-6,-15,16,3,17,19,25,21,23,28,-20,30,4,-5,-7,1,-8,13,-10,26,-11,-2,-9,-22,29,-12,-27,-14
15,-11,9,-7,27,-19,4,14,-3,-30,2,-13,12,-8,-1,-25,-21,29,6,-23,17,-28,20,-26,16,24,-5,22,-18,10
21,-13,-11,-23,28,24,25,-27,17,15,3,22,2,-26,-10,19,-9,-30,-16,-29,-1,-12,4,-6,-7,14,8,5,20,-18
-24,-21,16,27,-22,-8,-17,6,-20,25,-23,-18,-14,13,-30,-3,7,12,-28,9,2,5,11,1,-10,-29,-4,19,26,15
-2,1,21,-5,4,11,30,-26,-24,-27,-6,16,28,20,17,-12,-15,-22,29,-14,-3,18,-25,9,23,8,10,-13,-19,-7
-13,-16,20,-17,-26,-27,28,-25,-29,22,24,-21,1,23,30,2,4,-19,18,-3,12,-10,-14,-11,8,5,6,-7,9,-15
16,19,-14,-18,17,28,-21,30,10,-9,26,23,24,-3,29,-1,5,4,-2,22,7,-20,12,13,-27,-11,-25,6,-15,-8
7,-25,-12,23,18,-11,-1,27,16,28,6,-3,-29,-20,-19,-9,-24,5,15,14,-26,-30,-4,17,2,21,-8,10,-13,22
13,-3,2,-21,-12,-18,27,-30,11,-29,-9,5,-1,19,20,28,-23,6,-14,-15,4,26,17,-25,24,-22,-7,-16,10,8
-20,-27,-25,12,30,16,15,18,29,23,14,-4,21,-11,-7,-6,-22,-8,26,1,-13,17,-10,28,3,-19,2,-24,-9,-5
-30,21,15,-20,-19,27,-26,28,-10,9,25,-29,22,24,-3,-18,23,16,5,4,-2,-13,-17,-14,-11,7,-6,-8,12,1
29,-15,-19,10,-16,25,14,12,-21,-4,-20,-8,-28,-7,2,5,22,26,3,11,9,-17,-24,23,-6,-18,30,13,-1,-27
27,22,5,19,-3,-12,-15,-9,8,13,18,6,-10,25,7,-23,-29,-11,-4,-24,26,-2,16,20,-14,-21,-1,30,17,-28
-5,-8,4,-3,1,29,-9,2,7,17,19,-30,23,16,24,-14,-10,21,-11,-25,-18,27,-13,-15,20,28,-22,-26,-6,12
17,-26,22,-24,-25,14,-12,16,-27,-23,13,7,-11,-6,-21,-8,-1,28,-20,19,15,-3,10,4,5,2,9,-18,30,-29
-9,-18,-21,30,20,26,11,-13,1,-17,-7,-19,8,-22,-16,15,10,2,12,-5,3,14,24,-23,-27,-6,25,29,-28,-4
-7,3,-2,24,15,-29,1,-28,-23,20,-22,14,-19,-12,-5,21,-26,-25,13,-10,-16,11,9,-4,18,17,-30,8,6,27
23,25,-15,-26,9,22,10,-18,-5,-7,28,13,-12,19,3,29,30,8,-14,21,-20,-6,-1,-27,-2,4,24,-11,-16,-17
-22,-19,23,-28,-6,5,-18,9,-8,-21,-29,-14,-24,12,-25,-26,-27,7,2,30,10,1,-3,13,15,16,17,4,11,-20
14,-30,-16,-9,26,18,-20,-12,4,-24,17,8,27,-1,-23,3,-11,-6,25,7,28,-29,15,10,-19,-5,-13,-21,22,2
6,9,-4,3,-23,-1,16,26,-2,18,-13,25,11,15,-14,-7,29,-10,20,-19,30,24,5,-22,-12,-8,-28,27,-17,-21
-12,-22,26,-8,-24,-30,19,4,-15,29,-25,1,-23,21,9,-28,-20,27,-7,17,-14,2,13,5,11,-3,-18,16,-10,6
3,-6,-1,28,-7,2,5,-16,23,-20,-21,-27,-15,-29,13,8,24,-26,30,10,11,-25,-9,-17,22,18,12,-4,14,-19
2,-1,-29,15,8,-23,-11,-5,-17,-13,7,-16,10,27,-4,12,9,20,24,-18,-22,21,6,-19,-28,30,-14,25,3,-26
8,17,7,-10,-15,-13,-3,-1,19,4,-14,21,6,11,5,-20,-2,-27,-9,16,-12,-26,-29,-28,-30,22,18,24,23,25
-17,16,-5,29,3,19,12,10,14,-8,21,-7,-18,-9,25,-2,1,13,-6,28,-11,-27,30,26,-15,-24,22,-20,-4,-23
20,29,-30,-13,-21,-16,9,-17,-7,-25,27,22,4,-28,26,6,8,-24,23,-1,5,12,-19,-18,10,-15,-11,14,-2,3
22,-14,-8,7,28,-20,-4,3,13,16,-18,-26,-9,2,-29,-10,-30,11,-24,6,-25,-1,-27,19,21,12,23,-5,15,17
-11,8,30,14,12,28,18,-2,21,-17,1,-5,20,-4,-27,24,10,-7,22,-13,-9,-19,25,-16,-23,29,15,-6,-26,-3
-3,14,1,-6,-20,4,-30,17,-26,24,22,29,16,-2,18,-13,-8,-15,28,5,25,-11,27,-10,-21,9,-23,-19,-12,7
18,-12,24,-30,23,-22,-25,-20,-28,26,15,2,-21,29,-11,17,-16,-1,-27,8,13,6,-5,-3,7,-10,19,9,-14,4
-29,28,-20,-22,-13,10,26,15,12,-6,-27,-9,5,-18,-8,-24,25,14,21,3,-19,4,-30,16,-17,-7,11,-2,1,23
9,5,11,16,-2,21,24,-10,-1,8,-3,17,19,-15,14,-4,-12,-20,-13,-18,-6,29,28,-7,30,27,26,-23,-22,-25
-23,-7,28,13,19,-9,2,22,6,-12,-15,10,-4,-24,11,27,18,-17,-5,25,29,-8,1,14,-20,-30,-16,-3,-21,26
-6,-28,-26,-27,-9,1,-14,20,5,30,12,-11,-22,7,-17,-21,15,23,-29,-8,16,13,-18,25,-24,3,4,2,19,-10
-28,15,27,26,-18,-10,22,-24,20,6,-29,-23,25,-21,-2,-30,-19,-5,17,-9,14,-7,-12,8,13,-4,-3,1,-11,16
24,-4,12,2,22,-15,29,-11,-30,-16,-8,3,-27,28,6,10,-21,-23,-25,-26,-17,5,18,-1,-19,20,13,-14,-7,-9
25,12,19,21,-8,17,-16,5,24,11,-10,-2,26,-30,22,7,-6,-28,-3,23,-4,-15,-20,-9,-1,-13,-29,18,27,14
26,-23,-10,-14,-11,-21,13,25,28,3,5,19,-7,4,-20,-17,16,22,-12,15,6,-18,2,27,-8,-1,-24,-9,-30,29
-10,11,13,-12,-14,18,21,-19,30,1,-2,4,-3,5,28,-22,-25,-6,8,-27,-7,16,26,-29,17,-23,20,-15,24,-9
-4,7,-17,1,10,30,-2,24,-16,-5,-26,-20,14,-13,21,9,3,25,-22,12,-15,19,29,-8,-18,11,28,-27,-23,-6
-26,20,18,22,-27,-24,-8,7,-19,-11,10,30,-25,17,16,-15,-14,-3,9,-2,-29,-4,-28,6,13,1,5,23,21,-12
29,-17,-7,8,-30,13,3,-4,-14,19,-24,18,-6,9,-28,26,2,-12,-10,27,23,25,-21,11,-22,-16,-20,15,-1,5
-27,-20,10,-19,6,-5,-29,21,22,-3,-12,11,17,-23,-24,18,-13,-16,4,2,-8,-9,14,15,26,-25,1,-30,7,28
-5,23,-24,20,-1,7,-6,29,-25,-14,16,-17,26,10,19,-11,12,30,-15,-4,-27,28,-2,-3,9,13,-21,22,-8,18
-14,10,6,25,13,-3,-22,23,26,-2,-19,-24,-5,1,27,30,20,-29,11,-17,-28,7,-8,12,-4,-9,-15,21,18,-16
11,26,17,-16,29,-7,6,-14,27,12,-1,-10,30,8,-18,4,-3,15,-23,24,22,-21,19,-20,28,-2,-9,-25,-5,-13
-25,-29,-27,18,21,-26,-23,-15,-12,14,-28,9,-17,-10,8,20,13,-4,-30,-16,-5,-24,7,22,1,6,3,11,2,19
-8,13,25,17,-10,15,-19,1,18,5,30,-28,-2,26,-6,-27,-4,-9,7,29,24,23,-22,-21,-3,-14,16,12,-20,-11
4,-5,-28,-1,2,9,-27,13,-6,-15,-17,26,-8,-19,10,23,11,-21,14,-22,18,20,-16,30,29,-12,7,3,-25,-24
-16,-6,23,-25,-29,-2,8,7,-13,27,20,15,9,22,-12,1,28,24,-26,11,-30,-14,3,-18,4,19,-10,-17,5,21
28,-24,-18,11,-17,12,23,-15,22,-26,-4,-6,29,-25,-8,-19,-5,3,16,30,27,9,-7,2,14,10,21,-1,13,20
12,30,29,9,25,-17,-13,-23,-4,-19,-16,-1,7,-27,-22,11,6,-24,10,-21,20,15,8,18,-5,-28,14,26,-3,-2
-21,-9,-14,5,-4,20,-10,11,2,7,-8,24,-27,3,23,-29,-28,19,-18,-6,1,30,-15,-12,-26,25,13,17,16,-22
19,4,21,-2,7,-14,-5,-29,-11,-18,9,27,15,6,-13,25,26,10,-1,-28,-3,-23,22,-30,-16,-17,-12,20,8,24
