56,-31,25,30,24,8,29,-6,43,-11,10,26,-22,-41,50,28,-57,34,-33,-49,38,13,-36,-5,-3,-12,45,-16,-7,-4,2,47,19,-18,-52,23,53,-21,-42,60,14,39,-9,48,-27,-58,-32,-44,20,-15,59,35,-37,-55,54,-1,17,46,-51,-40
-55,-60,57,-52,-58,37,48,-32,-16,-12,53,10,20,50,-19,9,-24,-40,15,-13,-30,34,-42,17,-51,-28,-33,26,-31,21,29,8,27,-22,41,43,-6,-54,-59,18,-35,23,-36,45,-44,47,-46,-7,56,-14,25,4,-11,38,1,-49,-3,5,39,2
-53,47,-12,34,-33,36,-8,7,30,-48,15,3,-60,17,-11,-57,-14,23,55,-29,50,44,-18,45,41,-43,-32,-51,20,-9,37,27,5,-4,-54,-6,-31,52,-56,-42,-25,40,26,-22,-24,59,-2,10,-58,-21,28,-38,1,35,-19,39,16,49,-46,13
29,-39,-46,19,-34,23,-42,-35,15,-60,-26,36,-37,54,-9,-24,-47,59,-4,49,32,44,-6,16,40,11,-45,-55,-1,53,38,-21,51,5,8,-12,13,-31,2,-25,-57,7,56,-22,27,3,17,-52,-20,58,-33,48,-30,-14,28,-43,41,-50,-18,10
49,39,-44,-42,-15,-56,-31,29,-40,43,-12,11,-52,22,5,-23,18,-17,21,-35,-19,-14,16,-25,24,55,-48,-51,-8,33,7,-36,-30,58,20,32,57,-41,-2,9,38,4,-10,3,59,60,-54,27,-1,53,28,13,-50,47,-26,6,-37,-34,-45,-46
37,57,52,53,-29,55,-18,-56,16,43,-42,25,20,-39,40,-9,-24,7,-41,-13,30,51,-44,17,-12,49,-46,-34,5,-21,45,-59,60,28,-47,54,-1,50,14,-15,19,11,-10,23,-31,27,35,58,-26,-38,-22,-3,-4,-36,-6,8,-2,-48,32,-33
-3,52,1,-24,-27,39,44,10,42,-8,-32,36,46,-35,58,50,29,-54,51,-49,23,53,-21,4,45,-55,5,-40,-17,57,-60,11,-34,33,14,-12,-47,-59,-6,28,43,-9,-41,-7,-25,-13,37,56,20,-16,-19,-2,-22,18,26,-48,-30,-15,38,31
-60,-59,50,6,23,-4,-33,48,-34,44,27,-58,26,19,-36,20,45,-37,-14,-16,55,-47,-5,-49,29,-13,-11,-30,-25,28,38,43,7,9,-54,15,18,-31,-56,41,-40,-46,-32,-10,-17,42,22,-8,24,-3,52,-51,-57,35,-21,39,53,12,2,1
-42,8,-16,45,-15,56,-41,-2,17,22,-46,-47,-14,13,5,3,-9,-43,30,-34,-51,-10,-52,-32,-28,55,-49,25,59,-19,-57,24,50,20,-37,39,35,-60,-36,-48,7,1,18,58,-4,11,12,40,27,-33,21,23,54,-53,-26,-6,31,-44,-29,38
-26,-24,36,-42,-34,52,18,-22,12,19,-40,-9,-35,59,-23,-48,27,-7,-10,37,29,8,15,2,47,1,-17,-39,-21,43,54,-45,-50,5,13,-3,-20,-49,28,11,60,4,-30,53,32,-57,-25,16,38,33,56,-6,-44,-31,-58,-51,46,55,-14,-41
-22,54,17,58,-14,39,15,-50,-27,38,-43,59,42,5,-7,-31,-3,49,23,25,32,1,-19,53,-20,48,9,-55,-34,-33,16,-21,30,29,56,-47,51,-10,-6,57,46,-13,11,60,52,-41,36,-26,-18,8,-37,-45,-24,-2,28,-35,-40,-4,-12,-44
-37,48,-53,-33,-45,-13,52,39,-54,58,-30,47,6,-32,-38,34,24,22,59,-44,-28,-18,-36,-17,49,-55,-50,21,-42,11,41,14,4,-16,-60,23,1,15,-8,56,-31,29,46,20,5,-43,-12,-2,-25,27,57,-7,3,9,26,-40,-51,-10,-19,35
32,-34,41,-28,35,59,45,12,37,31,16,-8,-14,13,-33,-11,60,-21,-29,-50,18,56,-38,55,27,53,-25,4,19,49,-10,-1,15,2,-5,42,-9,23,47,43,-3,-36,-40,-54,-7,-57,-39,-52,-30,20,-58,48,-26,44,-24,-22,46,51,-6,-17
26,10,-34,11,14,30,-20,47,25,-2,-4,-29,-56,-5,23,60,21,22,-43,7,-17,-18,-15,-38,-9,-1,-59,-58,12,-6,55,40,35,3,-33,42,-52,24,54,-32,-57,-36,19,50,51,-53,-8,49,-48,-44,-45,37,46,-39,-31,13,41,28,27,-16
-19,38,-17,37,28,-24,16,-32,18,59,25,33,-57,29,53,-7,3,-9,1,31,47,-49,40,6,-11,-52,35,-5,-14,39,-20,8,-12,-58,-27,-56,-4,-2,-30,-23,46,-54,-44,43,-60,-41,-21,-50,22,48,-55,26,-15,42,51,36,13,34,-10,45
-30,14,32,-24,47,44,35,53,-17,26,42,19,50,-2,52,45,9,43,-12,-29,-54,-28,55,4,38,-10,36,22,20,1,-48,-3,-34,33,-7,-27,-57,-25,59,46,-51,-11,-18,-6,-16,-40,-5,31,-60,-13,41,-15,-8,21,-23,58,37,-56,-39,49
-26,-21,-34,50,13,-59,14,-20,15,30,37,-27,-5,-7,-9,-38,52,-22,-41,8,2,18,-24,23,51,1,12,32,-40,-10,35,-28,-57,3,-31,-54,-11,16,-42,29,19,39,45,56,-43,55,58,60,-53,-4,-25,-17,49,36,-46,-44,33,-47,6,-48
51,3,-2,-45,-32,-55,-41,-12,-59,-60,-28,8,-57,38,-22,-37,-46,44,-58,47,-40,15,-35,-31,-53,42,-48,11,39,-43,24,5,-50,-36,23,34,16,-14,-29,21,7,-26,30,-18,4,17,-20,27,56,33,-1,54,25,-52,6,-49,13,19,9,10
-57,31,-44,24,18,-55,-47,37,13,-20,-25,-38,-9,-17,19,42,14,-5,-15,10,27,28,-34,-4,11,39,-21,-22,-43,58,-2,54,-48,23,56,-50,-8,12,-26,-49,-59,-16,29,3,52,-53,7,33,40,36,60,-45,46,-32,6,-35,1,-30,41,-51
30,-27,-26,-9,-29,-47,38,24,4,-36,-54,37,56,-49,-60,43,-18,17,-35,32,-44,-31,-58,-8,-52,3,2,-39,5,-1,22,-20,-55,-51,19,10,-12,-7,28,-53,45,-59,-16,21,-41,57,6,50,14,-48,34,25,40,11,33,-13,-46,23,42,15
-53,59,33,13,17,14,57,-27,-49,-38,-15,-34,-4,-6,11,-47,-5,-56,39,-25,-45,-58,54,31,20,48,8,-37,-36,52,-24,-41,-3,12,-55,29,28,10,-19,42,32,-40,-51,60,21,-50,16,-26,9,46,43,-30,1,-23,35,18,-7,22,-2,-44
-12,-38,-43,-23,-47,32,-17,22,18,60,56,1,44,-51,52,-29,7,-9,-46,-31,-59,-8,4,27,55,33,-24,53,16,40,20,-6,-26,-39,36,-35,-42,2,34,-30,-54,37,3,-13,50,19,5,-58,57,-45,14,-15,-28,41,-25,-11,-49,48,21,-10
35,-42,50,-48,-10,34,18,-15,23,5,25,-26,-30,29,8,45,-49,-7,47,21,-20,53,-9,28,-11,12,44,-24,-14,13,40,-54,52,-6,-1,37,-36,-57,-43,-31,58,2,39,-27,-16,59,-19,4,17,-3,-60,-33,-22,32,-56,55,38,-41,-46,51
-20,33,60,-17,8,-34,21,-5,-57,-50,24,55,-23,46,-49,19,4,59,-16,1,-7,-47,13,-11,-40,38,51,35,-36,44,43,-41,-2,6,-28,29,-48,-26,-56,25,32,52,-31,-30,-54,-14,22,37,15,10,-27,-42,58,45,-12,39,9,-53,-18,-3
-7,-47,-37,-35,-53,-8,1,6,-23,45,33,-49,-42,-21,46,-48,-56,-28,25,59,14,-60,9,-41,-19,43,31,18,55,52,-27,39,-11,40,4,44,3,58,-32,-34,24,13,-26,-36,-10,-15,2,16,12,-57,-54,-30,5,51,-29,17,50,-38,-20,22
49,-28,46,57,52,36,-59,35,53,-54,24,-29,43,55,-32,26,34,-42,41,50,31,-38,47,-11,-33,-16,-48,2,12,58,-21,15,25,-17,-8,-6,-60,22,-40,39,-19,18,-13,-56,-51,-3,-23,27,-1,-20,45,-5,-9,10,-14,44,-4,-30,7,37
-26,3,-2,24,-57,12,-59,34,-47,-15,48,-6,-44,33,10,20,-52,31,-41,-16,46,-58,-45,-4,54,1,49,-32,55,-42,-18,28,-14,-8,-39,53,60,43,35,56,19,30,-38,13,23,-21,9,-11,-27,51,-50,17,-36,-25,-29,-40,5,22,7,-37
-24,44,49,23,32,-35,-53,60,11,-21,-9,22,-29,-52,43,36,56,30,40,-51,10,-12,-4,1,27,-46,-25,50,13,-18,-59,-5,-39,45,6,-16,-54,-57,33,-19,-42,41,-15,-2,-34,26,58,55,-3,-28,20,14,7,37,-48,-17,38,-47,31,-8
58,-20,7,38,-12,35,-3,-11,-33,-25,8,5,-52,19,39,-49,32,36,-14,2,-48,56,-30,-60,10,-55,42,-59,-51,23,-46,-17,9,45,-6,-18,-54,-4,-15,57,-50,-27,44,-43,-34,31,-53,21,16,41,29,13,47,37,26,-22,-40,-1,28,24
40,49,-6,28,-8,3,-48,5,-44,41,-38,33,-60,-21,20,-30,-54,-24,-32,-15,14,-34,-51,18,-26,25,46,-4,36,16,45,19,-12,22,-59,-29,-56,11,-43,-1,-10,-47,39,9,-31,-27,42,7,-2,58,23,55,-57,17,-52,37,53,-50,35,13
-21,5,-13,-43,-2,45,8,-7,-44,-47,12,-11,3,23,-58,-54,34,-36,48,57,1,-50,-14,49,46,-39,-51,40,-56,52,-53,-42,-37,-17,-41,18,33,-60,26,-28,35,32,4,9,-6,-25,10,-19,-24,22,27,-30,31,16,59,29,-20,15,-55,38
47,54,43,-58,-46,33,-13,56,-23,-41,-26,-38,7,32,-48,-17,16,25,50,-57,30,35,9,-40,-18,11,60,-31,-59,-21,28,-14,-6,39,-22,52,-51,12,-34,24,10,-55,-3,-45,44,5,-1,15,53,-19,37,-36,-49,-2,42,-8,20,4,29,-27
39,47,-44,16,21,10,-8,7,-52,-6,-14,-17,34,11,-56,-4,12,28,55,41,-5,-29,-27,-30,54,-51,23,-18,22,24,-32,31,40,-13,-45,-42,43,53,-1,-33,-20,36,-37,3,35,-59,-2,50,-60,-48,26,9,-38,-25,-19,15,58,-57,46,49
-55,-6,-46,-54,-56,2,42,16,60,-36,-52,51,58,-18,-45,-8,53,14,50,-49,-32,34,57,-37,26,-25,-43,-29,28,-48,-44,21,-35,-22,33,10,24,-59,41,47,-39,-7,27,31,15,3,-40,30,20,-19,-12,11,-17,4,1,5,-23,-13,38,-9
28,-37,-13,-16,-18,-30,52,-31,-23,25,27,-44,3,-54,-46,4,26,5,-55,33,-56,24,9,-22,-10,-17,-11,-1,-40,6,8,-45,-20,-42,-59,-43,2,60,-48,29,53,34,36,12,32,15,-51,39,-50,49,47,-7,-41,14,19,21,58,-57,35,-38
-39,29,54,-31,41,-21,-51,-52,-38,-18,-15,-46,-23,-20,11,49,-48,10,-36,14,6,-30,13,26,-47,-24,-56,-60,-2,22,4,-44,42,-55,58,19,-43,9,1,-53,-5,-33,37,32,59,12,25,17,-16,-57,7,8,40,-3,34,27,50,-35,-45,28
21,-37,10,-25,20,-8,46,6,-38,-3,24,-53,-44,-60,34,36,45,43,41,-5,-1,-48,26,-11,4,-23,35,51,47,39,-33,59,31,-15,-27,-16,2,9,-30,-49,-19,-55,-18,13,-17,-7,-29,22,40,-56,-28,54,12,-52,42,50,-58,57,-32,14
48,-11,14,32,37,41,-59,18,25,-40,2,39,30,-3,-19,24,31,-8,15,55,-52,53,38,-16,-9,54,33,36,-43,-13,-17,-4,-27,-47,-45,-28,-5,-23,-12,10,-6,60,29,-49,35,57,34,-1,44,58,-56,21,-22,-26,-20,51,-46,-50,7,-42
-58,43,-54,32,-56,-12,-52,50,35,47,-57,6,-39,-46,33,55,45,-41,36,31,22,-21,27,51,59,40,-23,-30,38,28,-20,-4,-15,44,-9,-19,-48,-29,13,-26,18,-49,-2,-34,-17,14,-10,37,42,-8,-24,7,60,3,-16,5,11,1,-25,-53
18,3,-2,-5,4,-34,-60,23,20,13,33,-52,-10,54,-53,50,27,-1,38,-9,-51,-31,-8,-57,-49,43,-17,44,39,37,22,59,-11,6,41,-56,-30,-19,-29,48,-35,-55,-26,-28,58,47,-46,-40,25,-16,21,12,15,-14,42,36,24,-45,-32,7
-32,-37,21,-29,43,53,36,49,34,23,52,51,46,-55,-44,-45,-58,-24,-22,-25,-3,19,-10,18,20,-33,-48,-42,4,-40,38,1,26,-9,39,-7,2,-31,-35,30,50,28,-5,15,16,-13,-60,27,-8,-41,-12,-11,-6,-57,14,59,54,17,-56,47
23,-60,-7,-21,-25,-10,3,-50,-55,6,17,-37,32,59,38,56,-11,24,22,52,4,-19,-1,-18,5,36,-46,54,58,48,-39,-13,-51,47,-44,-26,12,-15,31,-57,-45,-43,42,35,41,27,-34,-30,53,8,33,-20,-49,-28,9,-16,40,-29,-14,2
10,13,-59,19,29,15,-58,60,55,-1,-25,-44,-2,-36,-6,-52,33,24,-4,-41,-47,-28,45,-18,11,-30,-51,22,-5,26,-43,56,-17,37,-53,14,-34,54,-40,39,20,-48,31,12,-23,-49,21,42,46,57,27,16,35,-38,-9,-32,-50,7,3,-8
59,4,35,-2,-26,-44,-8,7,-14,-21,-12,11,38,9,16,-15,-19,22,17,-45,10,-18,24,-23,-51,5,30,-48,-50,-27,-58,41,53,-42,-3,-52,-60,-13,-46,-49,-32,34,-55,6,20,39,57,28,40,29,25,36,-33,56,43,-54,-47,31,-1,37
9,6,-32,-55,17,-2,51,28,-1,44,41,57,-36,60,45,26,-5,24,39,-38,33,-58,-37,-18,-52,-16,34,-8,-46,43,56,3,-21,-27,59,13,23,20,-19,49,-11,50,-30,-10,-15,29,54,53,-40,-42,-7,25,-48,-47,4,-31,-12,22,-35,-14
30,15,36,-12,-22,-49,11,-24,-52,17,-7,4,29,55,-2,-39,-10,44,-57,-45,-31,5,59,8,27,56,-25,48,-13,-1,21,-50,-38,-53,41,-3,47,33,16,-54,-35,58,46,-18,20,-43,-37,-28,6,32,60,9,34,40,-14,-26,19,-42,-23,-51
-59,-13,-43,27,-18,-40,36,44,-16,25,-53,33,2,-29,-17,9,15,5,23,56,-37,-58,-19,-54,-10,31,-4,34,14,49,-26,-35,-12,-28,32,-7,21,-39,38,6,-47,55,3,-8,46,-45,41,52,-30,51,-50,-48,11,24,-42,-20,60,22,1,-57
-46,-19,60,5,-4,32,59,13,-45,51,-47,35,-8,-55,-31,-52,20,-48,2,-17,58,39,-27,34,26,-25,23,-42,50,-37,15,-6,-41,-24,-12,44,30,49,-22,-43,33,28,40,-36,9,1,11,18,-38,-29,-10,16,-57,56,14,-54,53,-21,-7,-3
-3,-32,1,-23,-48,-50,-12,33,34,11,-10,7,-22,-24,25,30,-46,-19,18,-37,-47,13,4,14,-15,43,-45,55,-57,-16,38,2,-8,-9,39,53,20,-31,-35,-52,42,-41,-26,58,27,17,21,5,59,6,-54,40,-36,51,-28,-60,29,-44,-49,56
-60,41,37,-52,19,-47,17,54,-46,44,59,-28,-33,38,-36,42,-7,-21,-5,-51,18,-53,-58,50,-32,29,-35,12,-26,39,48,25,13,45,27,15,-3,-14,-30,57,-2,-16,55,-10,-34,9,6,-31,56,-24,20,4,22,-8,-43,-49,-40,23,-11,1
-41,-22,4,-3,51,-17,13,16,-28,-59,12,-11,-7,31,-55,-8,6,-57,-38,-54,35,2,39,47,-50,37,-42,9,-36,58,-14,43,56,-48,-21,29,-26,19,-23,-60,1,27,-32,49,-52,53,-24,34,-44,25,-5,45,-46,20,15,-33,18,-30,10,40
32,-24,-47,-27,-19,-21,37,35,15,38,-12,11,42,-50,-9,-29,-49,-43,5,33,6,-57,52,2,-39,-59,4,53,16,-34,-45,-1,-20,30,-8,-44,-7,-10,25,-51,48,-13,18,36,31,-55,3,-41,17,14,40,-23,-28,-60,46,-58,22,56,26,54
-46,-57,34,24,49,-38,56,-23,20,-27,36,-19,18,-53,-58,-32,31,-13,12,-9,-39,-28,8,-4,48,-45,10,22,-47,50,-17,16,-40,-3,55,-11,60,6,21,33,52,44,-54,-42,26,1,29,-25,-5,-30,-59,-41,14,43,-35,-7,2,15,51,-37
22,54,-59,-55,19,-49,-21,-25,-48,26,-17,-36,51,24,-58,32,11,52,-5,34,7,-1,-30,-14,8,-10,44,-38,-31,23,29,-16,39,-20,-37,12,35,28,-33,41,-40,46,-57,-27,50,-42,60,9,6,-45,-13,-18,-56,-2,4,53,43,15,3,-47
38,-23,40,-27,-51,59,11,-9,8,36,-7,-17,-47,45,-26,-41,12,-22,52,54,-24,18,2,21,-42,15,4,29,-28,-39,-57,44,34,-33,-58,-10,55,-1,30,-3,16,25,60,-32,-14,-49,13,-56,46,53,5,-19,-50,-20,-37,48,31,35,-6,-43
10,57,40,56,11,-38,39,-15,-30,-1,-5,54,28,50,8,32,25,-21,-35,-29,18,42,27,-31,-17,-48,-23,-13,20,9,24,-16,44,-49,19,53,-45,6,-7,-3,59,-22,-52,-33,37,47,-46,26,34,-14,58,43,-36,-12,-60,-4,-2,-51,-41,55
-23,41,-52,22,58,-31,55,-24,60,-15,12,-11,-25,-17,10,53,14,-20,38,18,-29,-4,1,8,13,-45,-59,-40,21,32,6,-30,-39,-56,-49,-54,46,-19,33,28,-2,-48,44,-43,26,-37,50,42,35,-47,-57,3,-16,36,-7,34,51,-5,27,-9
29,48,-33,-19,39,30,-10,43,17,7,55,28,22,59,46,34,-9,56,4,27,-41,-13,54,-44,-45,-36,-20,-12,-1,-6,51,-47,3,-16,57,26,-60,53,-5,52,21,49,-8,24,25,-15,32,-2,-42,-58,-31,-40,-38,-23,-11,-18,-35,50,-14,37
16,10,30,5,-4,-23,-48,9,-8,-2,-41,35,-45,-39,-54,-1,-47,-29,51,24,31,25,6,-20,-22,-49,37,36,18,-3,-21,-52,-56,-43,-12,-28,-27,55,14,-58,11,57,34,46,13,-44,17,7,26,53,-19,32,-50,15,-38,33,-42,40,-60,59
60,-46,-44,33,42,34,-38,-35,24,11,-10,48,-18,-31,27,-30,-29,13,-41,26,-25,-56,32,-9,21,-20,-15,55,17,16,14,-23,-4,-6,8,58,-40,7,-53,37,19,-5,-52,3,47,2,-45,-12,-59,54,-57,43,39,-50,-28,22,51,-36,49,-1
-21,-14,51,48,41,-56,53,-52,-35,-13,50,-32,10,2,17,54,-15,-44,47,40,1,-23,22,30,-57,-34,-60,-45,49,-24,-42,12,38,26,9,-58,-46,-33,55,-20,-5,31,-59,18,28,37,-19,-4,-29,-11,-3,8,-7,-16,-39,6,25,36,43,27
37,4,16,-2,47,18,34,48,-44,15,-42,46,19,29,-10,-3,-40,-6,-13,45,26,-25,36,32,22,-21,43,52,-14,-60,-41,-24,-55,-7,51,-23,-1,59,56,17,31,11,-27,9,-20,-12,-5,-8,-53,57,-35,-28,49,58,33,-39,-50,-54,-38,30
-4,52,42,1,56,16,29,37,-46,50,51,23,57,17,-32,-6,-14,26,-31,-38,-54,-43,-12,-58,-28,-18,35,25,-7,59,19,15,-49,45,-27,53,-8,20,-41,-47,39,-3,22,-48,-34,9,40,44,33,-10,-11,-2,-36,21,-60,-5,-13,24,-30,55
4,-34,29,-1,42,60,-33,13,-19,54,24,18,-8,37,30,28,50,-12,9,56,-35,-48,-43,-11,26,-25,-58,-16,-3,-15,53,-57,7,2,21,46,-14,-44,-45,59,49,-5,23,38,39,-36,52,22,-41,-17,-55,-47,-31,-10,51,-20,32,27,-40,-6
-43,-44,-22,-17,46,-56,9,-42,-7,-25,24,45,59,47,36,-41,4,-51,53,-48,-57,3,29,-11,10,-31,-39,33,-23,40,26,55,-28,-38,37,-15,-35,34,27,-30,16,8,1,2,-12,-5,-14,20,54,52,18,-50,-19,-49,-32,6,21,60,-13,-58
55,14,-17,-35,-51,44,47,32,-42,27,58,-59,-41,-2,20,37,3,-23,22,-15,24,-19,18,-21,-29,-54,-10,30,25,-28,52,-8,-56,-50,4,46,-16,40,57,-38,13,9,-45,-6,43,-36,-7,-60,53,34,5,-31,-49,26,-1,33,-39,-11,12,48
-52,6,-16,-32,-24,-2,-11,33,56,17,7,41,-23,-18,-25,3,-10,14,-28,-39,27,-42,13,5,15,-47,-21,19,-31,45,29,4,-8,-38,-49,43,51,34,20,50,-12,22,-36,46,-30,-44,26,55,35,-40,-37,1,54,-53,-48,-9,60,59,-58,-57
-43,-19,10,53,-20,-36,29,37,-57,-3,14,-40,-30,-11,-16,15,51,-59,2,5,54,-24,-28,22,-55,-60,47,23,-7,13,48,-49,56,-44,-42,6,-8,45,-46,12,-52,35,1,34,-38,39,-27,-31,32,58,-17,41,-4,-21,25,-33,9,-50,18,26
34,43,53,-32,45,-51,-14,-13,-55,47,-24,56,8,7,-37,-19,-49,50,16,48,-57,-38,-27,11,-42,52,23,-35,-60,39,44,4,41,-1,28,-54,15,22,-30,-58,-33,25,-2,-31,-5,59,-10,-20,17,-18,6,-26,-3,36,9,-12,21,40,-46,29
9,53,-41,-28,23,-20,48,52,-1,-46,-39,-22,-16,44,47,13,34,-30,-31,6,-43,12,-5,-37,-57,58,-35,4,-32,18,19,29,42,-17,27,45,24,51,11,-54,3,-33,21,-14,-36,10,-15,-7,-50,49,-38,-8,-2,40,56,-55,25,-26,60,-59
15,60,-25,-20,44,50,16,18,52,32,-59,-53,-54,49,-1,-7,39,-8,55,4,-47,-27,-34,-36,3,30,22,31,40,-26,-28,-10,-51,23,-48,24,57,41,-17,-29,-38,56,-45,-5,43,58,21,35,-14,-6,33,-9,12,13,-19,-42,-37,-46,11,-2
27,33,-19,-15,-41,-14,-10,-21,-17,7,-24,45,-29,6,4,-53,9,-50,3,46,8,25,34,11,-22,-56,-1,43,13,57,59,-55,-2,-23,-49,47,-40,-54,-42,37,5,39,-28,-60,-12,-20,-36,-52,35,18,58,48,16,38,32,26,-30,-51,-31,44
54,-36,-53,29,27,-45,49,12,59,47,16,-8,-18,-44,41,-11,31,13,38,39,40,-42,-58,51,26,-25,-5,30,-4,-28,-17,-35,-50,56,32,2,55,-19,-20,-21,-15,22,57,14,6,-52,-10,-60,-7,33,-24,46,3,-1,-37,-34,-43,23,-9,48
12,-35,-33,-45,-47,-57,-13,-30,-29,-20,19,-1,7,-36,41,21,-46,-52,-11,10,-16,-24,-31,22,-58,-40,49,-60,9,8,23,50,3,38,2,14,48,-34,-55,26,-15,53,56,59,4,17,5,-37,-27,-32,54,18,-42,-51,39,-43,6,25,-44,28
-53,-29,16,55,-10,13,-58,51,42,5,19,-31,-6,33,34,-3,-44,-26,-11,36,59,-57,-25,41,23,18,-52,38,2,-39,12,-49,-14,-15,40,-20,-60,-28,30,-35,-24,-9,47,17,-54,-56,-43,50,32,-48,-8,27,1,45,-4,46,22,7,-21,37
44,-31,40,-27,-52,-23,-35,-58,42,-47,-34,-53,-24,49,-59,55,-56,-25,-54,38,-22,21,6,13,18,37,4,30,45,-28,2,60,-36,11,7,33,-26,-20,-57,-3,-43,-9,41,-1,-29,-48,10,46,-14,-51,50,5,12,19,-16,17,39,8,15,-32
-23,-32,-37,-9,-39,-58,-55,57,4,-20,-27,-33,-14,13,-25,26,-41,-46,-21,10,19,-53,1,60,15,-16,11,38,34,31,-30,2,12,-29,50,-52,3,-28,5,-43,17,48,40,54,-47,18,45,-42,51,-35,-49,36,22,-44,7,59,-8,6,-56,-24
39,-57,7,21,54,-8,-3,6,-50,31,-36,29,-48,43,-56,22,41,-59,-58,-24,-4,-16,-52,20,-32,-44,53,49,-12,-60,-10,25,-55,45,-51,11,-42,47,-1,46,-17,37,-14,26,-34,-40,-38,13,-28,9,35,23,-27,-5,33,15,2,19,18,30
38,12,-21,56,-37,40,26,-51,-17,43,-33,-2,45,-28,-25,22,9,-59,58,-39,3,-16,-42,35,15,-7,36,14,-54,-60,49,-53,11,-47,-24,-27,5,-1,20,-6,50,23,-10,55,-13,48,34,-46,-31,-41,8,57,32,29,-44,-4,-52,-19,18,30
48,-18,-49,26,21,43,-16,39,59,-20,50,-34,36,15,-14,7,-46,2,40,10,-5,-33,35,-51,-58,-4,-28,27,-54,32,42,-30,22,12,-23,-13,53,-47,-8,-19,-44,-31,-6,41,55,17,38,-1,3,-11,24,57,-37,29,-45,60,-52,25,-9,-56
-6,-9,-27,32,-43,1,16,21,2,-57,-52,44,-24,-48,-54,-7,37,33,-23,22,-8,-20,19,13,-49,-42,3,41,-38,59,39,-4,-18,-55,-60,47,-17,29,-31,-50,-28,26,5,-12,53,58,-36,14,25,40,-56,11,-45,15,34,51,10,-46,-30,35
53,-28,27,55,50,-30,-26,-35,12,-17,48,-9,-57,-59,-39,-25,10,-49,46,-22,47,20,43,-37,16,7,-3,2,-36,6,38,-44,52,-45,8,29,24,-31,15,-58,42,-41,-23,32,34,-19,-21,-11,18,-5,-56,-33,-1,60,-4,51,13,40,14,-54
-14,-21,5,-6,-3,4,-32,59,40,48,34,-37,-24,1,23,22,-54,30,-36,41,2,-16,-15,13,-55,47,-51,38,-53,-18,-33,7,31,-11,50,19,12,-28,-43,-9,-20,-56,39,-60,-58,-49,-26,-10,46,-35,27,-57,29,17,25,42,52,45,-8,44
51,-22,-59,50,7,34,-5,-33,-30,54,-44,43,37,-52,18,-48,-39,-15,-29,-26,28,2,-32,38,46,20,41,-21,19,9,-60,23,8,-6,-36,35,-13,-24,17,57,-27,-47,-12,11,-56,-25,42,16,58,-4,-1,14,55,-10,-53,45,-40,-49,3,31
-44,-23,31,-59,-10,47,-9,17,7,5,33,55,-27,29,28,-21,-8,-56,51,60,16,48,2,-41,58,-54,13,-15,-14,50,-3,-42,-11,-45,57,40,-46,-52,49,-36,24,32,53,1,34,37,-6,-22,-39,-30,-19,38,-43,26,-12,18,-35,-25,4,-20
-59,-24,-53,45,-15,-22,25,46,-20,54,16,-31,-32,-30,5,-11,23,19,-18,9,-27,6,-17,2,-7,-38,21,-56,41,14,12,13,34,-33,44,55,58,26,49,57,-29,-52,-51,-35,-4,-8,60,50,-39,-48,43,42,3,-10,-36,28,-40,-37,1,-47
19,-32,-7,20,-22,18,3,46,49,-48,26,-21,-43,-37,-44,56,59,-6,-1,-4,12,5,-33,54,42,-11,-60,40,31,50,-29,2,23,-38,52,41,14,34,51,-28,-36,-25,13,15,-53,-8,58,10,-9,-30,-39,-35,45,-24,57,-16,-55,-47,-17,27
15,-5,18,-45,2,-55,-28,-10,-54,8,17,27,24,-44,-1,-31,-11,-3,60,-47,41,53,58,-13,-34,49,-12,7,-42,38,16,59,56,25,-37,-43,35,-30,51,48,-21,29,36,14,4,57,20,-40,-26,52,-39,-50,-22,9,6,-33,-46,-23,-32,-19
31,-33,-39,-56,60,-59,-35,43,38,-37,-13,50,11,54,-27,-58,32,-41,-48,-52,40,44,30,-26,45,24,15,36,-57,-23,-1,-17,2,46,7,-28,10,-9,3,-21,18,-53,-8,-22,-25,-34,-49,19,47,-12,55,20,42,-14,-51,4,29,16,6,-5
-31,-18,-10,15,23,-58,-47,-45,-50,3,17,-30,39,22,-4,-52,-11,2,-51,-26,35,-14,-5,-54,33,20,-57,-32,-34,12,1,28,-25,29,-21,-40,43,49,-13,36,-42,41,-37,-55,8,59,7,-56,-38,9,19,16,60,24,44,48,27,6,-46,-53
37,-34,6,51,-52,-3,-36,-17,-46,45,47,-38,-44,18,-29,57,8,-14,41,42,-23,-43,21,39,-27,40,25,-58,15,-53,-32,31,-56,2,-48,7,-1,12,-24,-26,-19,-20,22,13,-10,9,-11,35,55,-60,-4,5,30,59,-49,33,-16,28,-54,50
-36,39,23,32,26,-58,-35,-60,-57,-40,52,-51,-55,-27,-53,43,24,-28,20,-19,31,-25,-3,-17,22,-5,14,18,-47,-48,-21,-4,-34,33,7,1,-44,59,-2,10,46,56,-16,37,-49,-41,29,30,45,-54,12,-11,15,50,13,-42,9,6,-38,8
41,12,-14,38,51,24,-25,27,-29,-36,23,-2,-35,3,-52,-28,-21,-32,45,-42,17,-43,-11,-6,7,55,-8,16,9,-53,50,18,-48,-60,13,10,-49,-4,-58,-54,-1,20,22,-56,-19,-47,46,33,37,-31,-5,15,30,40,-26,44,59,39,-57,34
21,24,-13,-19,-55,-46,45,-36,16,58,-33,50,3,-40,31,-9,-41,54,4,49,-1,-51,-57,-2,43,-39,52,-60,-37,48,-15,-47,11,44,53,8,29,59,26,14,17,-56,-25,-34,-7,6,32,-30,-20,-12,22,-27,-35,-18,5,42,23,-10,-38,28
17,41,33,-27,-38,26,-45,-20,-30,-39,-47,-15,-53,19,12,-37,-1,-49,-14,8,-35,-54,-57,59,-46,-6,4,-48,-60,9,-50,58,-3,-52,21,-56,16,5,10,51,-2,-44,55,42,7,25,11,28,18,31,-40,34,13,22,-43,36,23,-32,-24,29
42,3,-2,-27,-47,31,17,-26,-48,33,22,-60,46,28,37,-49,-7,32,-59,25,38,-11,-36,53,-20,8,4,-14,56,51,-6,-18,-10,-43,-55,23,-15,-21,52,-50,54,-1,34,58,-57,-13,5,9,16,40,-30,-39,-24,-41,35,-29,45,-44,19,12
-49,35,-39,-46,-40,-12,-16,-15,-25,21,-47,6,-41,27,8,7,36,-52,44,23,-10,-53,-20,34,9,32,-14,59,54,45,38,-26,-51,-24,-2,-17,-42,-31,3,5,13,37,55,-19,-30,4,11,-60,1,56,33,18,22,-29,-43,-50,58,-57,-28,48
-5,43,-23,24,1,-37,11,9,-8,30,-7,56,41,-51,-55,-35,48,-42,-44,-49,40,-57,3,-4,29,-45,54,-34,-25,-10,-46,-33,32,28,16,38,6,-36,-50,-21,-13,18,-2,19,26,31,59,-17,20,39,14,-58,60,-27,15,-12,22,52,-47,-53
-45,52,-42,-58,28,56,16,-48,20,33,15,-38,40,32,-11,-7,-21,-54,27,-9,17,37,-60,-49,47,-55,-19,-5,-53,-43,-39,-14,-10,59,-44,-41,-22,12,31,-13,36,3,30,35,1,-57,-25,8,24,51,-50,-2,29,18,26,-6,46,4,-34,23
-29,56,26,53,55,-49,-32,22,-17,52,31,50,21,44,35,59,9,20,51,-18,-13,-8,24,-23,37,-3,57,-45,1,-41,-11,7,-60,-42,-15,47,-25,43,-54,-46,30,34,-38,-14,28,40,-36,58,6,-12,-19,-10,-4,39,-5,-2,-27,-48,-16,33
-52,9,-14,-58,20,-30,-12,-35,-2,43,39,7,29,3,19,-21,37,-38,-15,-5,16,24,-40,-22,50,45,57,51,-13,6,-47,49,-53,36,8,-34,-17,18,-11,23,54,-44,-10,42,-26,60,31,55,-32,-25,-28,1,33,-41,-48,-59,-27,4,56,-46
18,-49,-33,-40,-28,-35,-56,44,-29,-12,-45,10,-24,58,-60,43,51,-1,-36,59,-34,50,-27,13,32,-31,23,5,9,-53,26,-25,3,21,6,19,-42,-41,52,4,38,37,-16,-8,11,-54,-48,47,2,-22,-17,-39,30,46,57,7,-55,-14,-20,15
21,48,-37,-23,-51,-45,-59,-58,19,38,46,-52,14,-13,32,-22,-35,49,-9,-25,-1,16,4,41,20,54,60,-44,-47,53,36,-15,-55,42,17,-31,3,-10,-40,39,-24,-34,50,28,6,-11,29,-2,-18,-43,5,12,-30,-26,33,-57,56,8,7,-27
21,58,16,-38,9,10,59,53,-5,-6,-42,-51,19,-40,-39,-3,-50,-23,-13,48,-1,-25,18,60,22,-34,30,32,-45,-27,-41,-28,43,26,-44,-55,57,4,15,14,31,11,-33,35,29,47,-46,-20,54,17,12,56,-8,-49,36,-52,-37,-2,-7,-24
-59,-8,-49,46,-43,-38,50,2,23,-28,14,26,-40,-11,30,-29,-27,51,-22,-21,20,19,-9,58,-44,-12,17,10,16,-15,33,-39,-31,41,47,54,42,6,32,13,-34,-37,5,25,-48,-4,-35,45,3,-7,-18,56,57,-36,-60,-52,-53,-24,1,55
-38,-56,-10,-17,-57,32,-20,60,-37,3,-29,25,-44,26,-48,55,4,-52,-49,7,50,-53,36,28,-12,-14,40,-24,11,39,-54,-6,59,46,43,-23,9,1,-30,-27,-47,51,-35,13,-58,-34,41,15,19,-21,-42,18,22,31,-16,2,5,45,-33,-8
36,-40,-19,26,59,32,13,-28,-37,-31,-33,20,-7,-21,56,-39,22,42,3,-12,14,-17,-34,27,-60,-4,-24,8,-54,51,10,-6,11,23,-53,-1,9,52,16,2,-43,-18,41,46,-48,-44,-50,45,57,47,-30,-38,35,29,58,-15,-49,-55,-5,25
-58,55,-48,39,43,26,-16,35,-38,-30,-24,-27,20,21,-46,7,-54,31,57,-13,-14,33,-42,11,47,-6,12,-36,32,10,-18,-29,-22,-37,-8,28,34,9,-4,-56,45,23,-5,-49,-41,15,-25,3,44,-51,50,-53,52,17,-2,40,-19,1,60,-59
50,-38,16,-53,-43,-9,-54,21,6,-58,-27,35,19,-28,-20,-3,32,-60,-13,15,-8,-26,47,-46,55,22,11,14,-40,49,-52,-17,-42,44,-12,56,-51,2,-48,29,59,33,5,-34,-57,24,-23,39,-30,-1,37,31,4,7,-25,-36,45,10,-41,18
-47,-28,26,-32,16,55,56,-49,-21,-46,19,-39,-18,-52,60,-5,58,13,-11,41,9,43,-37,31,-42,-3,-57,2,-33,35,-24,4,29,36,-30,-34,23,51,12,-53,-20,25,-22,-59,50,10,1,54,8,-45,-38,14,40,-48,-6,-7,27,-17,44,-15
4,58,-29,-1,47,60,42,-52,11,-25,-9,-36,-41,21,-33,54,50,55,-40,-31,-14,26,-34,32,10,-22,59,39,3,53,20,-24,15,23,-56,12,-45,-49,-28,19,13,-7,-57,48,37,51,-5,-44,38,-17,-46,8,-30,-16,-18,35,43,-2,-27,-6
-20,-60,49,19,-55,50,17,9,-8,-59,38,41,31,-22,25,35,-7,43,-4,1,-39,14,-24,23,-15,54,-29,53,27,-40,-13,-36,-44,-42,-16,32,57,-11,21,30,-12,34,-18,33,-51,-56,-48,47,-3,-6,45,-58,-28,-26,5,46,-37,52,10,2
-8,-4,39,2,52,-54,55,1,13,47,-43,32,-9,-53,20,36,49,42,-50,-15,25,58,-57,45,-21,34,-40,-31,-56,37,28,-12,-35,-26,33,-16,-30,-60,-3,27,46,-18,11,51,-24,-41,-10,59,-17,19,-44,-5,14,6,-7,29,23,-22,-48,38
-52,-7,-16,-6,30,4,2,55,-56,41,49,-50,44,23,40,3,-45,24,57,47,37,54,-14,-18,26,-25,35,-34,31,-5,-29,38,-59,28,-27,-48,-21,-32,-53,-15,-10,60,58,-13,17,-51,-20,36,-11,12,46,1,39,-22,-8,9,-19,-43,33,-42
22,-42,43,18,-16,31,-20,15,51,34,-52,-45,-32,54,-8,5,-48,-4,58,7,39,-1,27,57,-59,-35,-23,55,-53,37,-6,13,-46,-10,26,44,-30,-47,-21,50,-49,2,-3,-36,12,33,38,17,41,-40,-9,11,29,-14,-28,60,-24,-19,25,-56
-43,47,-41,53,32,-48,37,58,52,-17,39,-54,14,-13,-55,50,10,33,-28,34,-26,-38,29,-40,-57,21,-30,19,-23,27,-56,-5,-18,-20,42,-45,-7,22,-11,24,3,-35,1,-46,36,44,-2,6,60,-16,-59,-9,-4,12,15,31,25,-8,51,-49
-35,10,-48,42,8,-13,30,-5,54,-2,15,-23,6,-46,-11,21,-19,34,17,50,-16,-32,12,28,52,41,53,-24,-33,-7,-58,22,29,-18,1,55,-56,51,-47,57,-26,-4,-59,60,-49,14,39,3,45,-20,-38,-25,-27,-9,-36,37,-40,31,43,-44
-58,57,-41,-30,43,-9,-53,50,6,-19,-33,55,44,-34,-49,-52,-22,-48,10,-31,25,17,32,35,-21,-45,47,-36,-39,4,20,-23,11,14,-24,28,54,-46,29,-51,3,60,-5,-13,26,38,-27,18,15,-8,40,16,7,-37,-12,-59,-2,1,56,-42
