-10,4,-29,-2,17,11,-52,-25,58,1,-6,50,-56,-22,-55,59,-5,-28,27,40,44,14,46,45,8,53,-19,18,3,48,-43,-41,35,-51,-33,-39,-54,49,36,-20,32,60,31,-21,-24,-23,-57,-30,-38,-12,34,7,-26,37,15,13,47,-9,-16,-42
45,-52,53,60,51,35,24,40,58,37,-49,48,-54,-32,56,-43,-33,38,21,-34,-19,-27,39,-7,29,-57,22,59,-25,-31,30,14,17,20,-6,-47,-10,-18,-23,-8,55,46,16,50,-1,-42,36,-12,11,-44,-5,2,-3,13,-41,-15,26,-9,-28,-4
-49,12,-21,15,-26,50,31,-23,53,-16,-38,-2,-33,47,-4,10,-56,46,-57,-30,3,-36,8,-58,42,5,54,43,48,20,-7,41,13,-45,59,22,-44,11,-60,-52,-32,-25,-28,37,34,-18,-14,-29,1,-6,55,40,-9,-27,-51,17,19,24,-35,39
52,55,49,-53,-32,34,-47,21,-40,15,-41,57,-23,27,-10,29,-35,33,-39,24,-8,50,13,-20,26,-25,-14,48,-16,-59,-58,5,-18,-6,17,-44,43,42,19,9,11,-38,-37,36,-51,54,7,-28,-3,-22,45,-1,4,-46,-2,60,-12,31,30,-56
56,-7,18,-17,46,27,2,24,33,-23,-34,28,-36,42,-39,40,4,-3,59,45,-60,43,10,-8,31,-47,-6,-12,-32,-48,-25,29,-9,11,55,13,44,-53,15,-16,49,-14,-22,-37,-20,-5,26,30,-41,57,-58,-54,38,52,-35,-1,-50,51,-19,21
49,-34,18,27,20,-37,-45,-60,54,57,-21,42,-53,29,-17,-47,15,-3,30,-5,11,-50,31,-59,-56,33,-4,-32,-14,-19,-23,28,-26,2,-41,58,6,-39,38,-48,35,-12,-51,46,7,-44,16,40,-1,22,43,-55,13,-9,52,25,-10,-36,24,8
31,-56,49,55,-36,27,-39,-13,-50,-58,-19,17,8,43,-59,28,-12,51,11,30,-41,-25,37,-34,22,-42,-6,-16,40,-20,-1,-53,-45,24,46,5,-23,54,7,-29,21,26,-14,57,33,-35,-48,47,-3,9,-18,-60,32,-38,-4,2,-44,10,15,52
-46,38,-21,-7,28,-16,4,60,22,43,54,-18,-52,-35,47,6,-48,12,-45,-51,3,-9,27,41,-34,-42,-23,-5,-31,40,29,-53,-37,25,14,-57,33,-2,-50,-30,-24,26,-10,-56,19,1,-15,17,59,39,20,13,32,-11,-58,44,36,55,-49,-8
8,27,30,-18,26,52,-36,-1,-31,-53,35,28,50,-42,-55,-22,-33,4,20,-19,56,16,-25,41,23,-5,-2,-12,-57,-3,9,-45,17,-60,-11,7,-49,39,-38,-51,-24,14,-48,46,32,-44,-59,43,37,-13,40,-6,10,58,15,-21,29,-54,47,34
-55,-33,-15,32,-39,49,-41,48,-51,60,42,30,26,58,3,35,54,57,-29,-37,-59,46,-34,28,-52,-13,44,-24,19,-12,-38,-4,2,23,-16,-53,20,31,5,-50,7,-11,-56,-27,-47,-22,45,-8,-6,40,9,25,36,-17,1,43,-18,-14,21,-10
13,-39,-20,-48,-33,-18,-58,-55,50,31,-23,41,-1,-54,-25,-59,-28,6,52,3,44,-32,11,-47,15,49,-60,17,-56,42,-10,22,5,-46,-37,53,35,57,2,45,-12,-30,51,-21,-40,34,24,4,-26,-9,-43,-19,-36,14,8,29,-38,7,16,27
3,7,-1,-30,8,-13,-2,-5,29,-49,56,38,6,-33,-53,-20,-28,60,-36,16,24,-55,-40,-21,39,51,-58,17,-9,4,47,45,14,54,50,19,44,-12,-25,23,-42,41,52,-37,-32,48,-31,-46,10,-35,-26,-43,15,-34,22,-11,-59,27,57,-18
25,13,-22,33,9,41,39,-53,-5,19,24,-49,-2,42,-59,-45,28,34,-10,-52,40,3,44,-11,-1,-37,-29,-17,27,47,-48,-57,-4,-18,50,46,26,51,-7,-21,-6,-14,-60,-23,16,-36,-30,31,12,-35,-38,20,8,-58,-56,55,32,54,15,43
-25,27,-47,20,-16,-54,-8,7,14,-48,-18,43,-39,-9,59,5,-52,11,-45,-4,-36,-50,28,60,1,32,-2,-23,34,-33,51,-26,30,-29,-44,21,-57,-42,13,-41,40,38,-12,35,19,-49,3,10,46,22,-31,17,58,6,-56,55,37,-53,-15,-24
-53,12,-24,28,40,13,-33,-52,15,44,-60,-2,-6,-39,-9,51,34,31,-29,-42,46,58,49,3,30,-56,-45,-4,19,-25,-18,-48,7,-17,-54,41,55,-43,14,-5,-36,20,38,-10,27,-21,57,32,-23,59,-16,8,1,35,-37,26,-47,-22,-50,11
53,-14,58,-24,-28,-10,-18,52,-12,6,15,9,-23,2,-11,-45,-20,7,-38,17,-29,-37,13,4,34,33,-44,5,21,-42,32,-31,-26,-25,40,-49,22,19,-47,-35,-56,30,-54,27,16,-48,39,46,36,-57,-60,-8,-1,43,59,41,50,-3,-55,51
-7,9,-34,-28,-42,-12,1,30,-2,52,-48,6,-46,-56,36,-59,-25,-45,-32,-41,51,44,54,-58,17,37,40,4,-33,-8,38,19,29,3,47,-15,-26,-31,53,-27,20,5,-49,-22,18,13,-35,11,43,-55,-21,-10,-39,-23,50,14,-60,24,16,57
20,3,-2,-43,36,16,29,52,13,45,-19,-32,-9,22,59,-6,53,47,11,-1,46,-14,-34,25,-24,35,-44,-48,-7,58,-41,12,-37,23,-26,-5,33,54,-42,55,31,39,4,27,-10,-21,-18,28,51,57,-49,-8,-17,-38,-40,-60,-50,-30,-15,56
4,-22,50,-1,45,-28,29,47,24,56,-33,-55,44,-30,-23,49,-20,59,-39,17,-57,2,15,-9,-52,27,-26,6,-7,14,42,-48,11,-43,-51,-58,38,-37,19,-53,46,-31,34,-13,-5,-41,-8,32,-16,-3,35,25,40,60,12,-10,21,36,-18,-54
-52,-51,20,-45,-19,43,24,-38,-23,32,53,58,-47,-40,-17,-35,15,39,5,-3,22,-21,9,-7,-30,36,59,-46,31,25,-29,-10,-44,-57,16,-26,48,8,-18,14,56,-54,-6,33,4,28,13,-37,-55,-60,2,1,-11,42,49,-41,34,-12,-27,50
51,-27,-54,-58,57,25,37,35,-39,17,-53,26,38,-43,16,-15,-10,-46,-31,59,49,56,-36,28,-6,-12,2,-24,48,40,19,50,41,-55,-8,23,-7,-13,9,-30,-33,-45,14,-47,42,18,44,-29,-21,-32,-1,60,11,3,34,-22,-5,4,-20,-52
-53,-50,12,-35,-34,52,-14,30,41,-58,26,-3,24,7,-56,-46,-33,19,-18,-59,-22,21,40,-13,36,-11,54,-48,47,-8,45,55,17,5,4,-25,-39,-57,37,-23,-9,49,44,-43,-31,16,-29,28,-42,2,-60,-6,1,-27,-32,15,38,10,20,51
57,16,-13,56,23,-53,-12,-28,60,34,14,7,3,-11,54,-2,32,-51,46,-27,24,-52,-5,-21,-48,-42,20,8,31,37,-29,-17,-43,-10,-59,-38,-30,36,55,-47,50,26,33,-49,58,-19,40,25,44,-41,18,22,6,-15,-39,-4,-1,-45,35,-9
-56,-29,-14,55,22,-60,32,-21,39,48,-43,42,-28,3,-18,-38,30,15,-59,-24,8,-5,51,20,-50,-41,36,13,2,-17,-37,-7,45,-40,-58,-27,31,16,-9,34,26,-12,11,-54,-33,53,-49,-10,47,25,-23,57,-46,44,-4,1,-52,35,19,6
-18,-58,-7,20,30,34,3,24,-23,12,54,-10,-17,15,-14,-28,13,1,46,-4,-53,36,9,-8,-44,55,52,16,60,-5,-37,-40,-39,-6,-43,-22,31,-41,33,32,38,-45,35,25,42,-19,57,-59,56,51,-50,-27,21,-11,-26,-49,-47,2,48,-29
59,-26,5,-18,-3,42,-52,-53,-21,-57,-33,-56,-27,47,-37,-30,28,4,-44,55,9,-29,46,-45,60,2,13,-17,22,16,48,-54,11,36,-43,-34,15,-49,58,-41,40,-6,35,19,24,-23,-14,-31,38,51,-50,7,8,32,-20,12,10,-39,-1,-25
48,-21,10,-60,46,29,-49,-28,16,-3,-52,-51,36,-58,-32,-9,30,41,37,42,2,-43,-55,-53,-56,33,47,8,-6,-17,39,15,-26,45,40,-13,-19,-57,-31,-35,-18,-20,22,-54,-34,-5,-27,-1,7,-59,12,11,24,44,23,25,38,14,50,4
-52,7,41,12,60,26,-2,-17,-51,-56,21,-4,-20,-40,-37,-29,8,-55,-59,13,-11,-48,-44,-33,-32,-6,49,-57,16,43,-34,25,24,31,-54,47,15,42,58,14,-3,-38,-30,23,46,-45,-36,22,-27,-53,9,1,50,35,18,10,28,-39,19,-5
58,-55,10,40,-15,9,-59,17,-6,-3,-24,47,-14,13,5,-31,-8,-48,45,-57,-30,-60,33,11,43,56,29,41,-27,21,16,-46,-23,37,-36,35,-34,53,-50,-4,-28,-54,-25,52,-19,32,-12,18,-51,39,49,-44,-38,42,2,-26,20,-1,7,22
59,-56,-27,46,52,21,-40,42,34,43,-30,-44,23,28,25,53,-55,38,-20,19,-6,33,-13,-49,-15,47,3,-14,35,11,-32,31,-22,-9,-29,60,54,-18,-45,7,50,-8,-10,12,39,-4,-26,51,24,-41,-48,-5,-16,-37,17,2,-58,57,-1,-36
-16,22,28,-34,40,39,32,-13,20,-44,52,-41,8,-19,26,1,-43,-37,14,-9,-54,-2,-45,30,-42,-15,-53,-3,56,-24,59,-7,35,4,-33,-49,18,-57,-6,-5,12,25,17,10,23,47,-46,58,36,55,60,-11,27,21,-50,-29,38,-48,-31,-51
12,-53,32,-44,-57,20,-14,19,-45,-36,56,-1,18,7,-48,-35,21,-13,-8,-6,-17,28,-38,-54,-49,-51,-33,-22,-59,52,-60,-3,27,47,16,10,40,23,-58,-37,50,-43,42,4,9,-55,-34,15,25,-41,26,-30,2,24,46,-11,5,39,29,31
20,15,-16,-34,13,36,51,22,-33,-25,-42,57,-5,21,-2,3,-58,-45,54,-1,-14,-8,29,-39,10,28,-55,-26,-23,-41,40,-46,9,4,48,-6,47,50,24,-31,30,11,-56,-59,18,32,-37,-35,60,-38,-7,53,-52,-19,27,43,-12,17,44,-49
-41,16,-10,32,30,-37,-44,-48,-26,3,-43,-53,27,58,-20,-2,-36,47,-54,15,-55,25,56,46,-22,9,-13,52,40,-5,35,-4,60,-59,-31,17,6,-57,50,-29,1,-45,11,7,42,-24,-18,8,51,-39,-49,-28,12,19,21,-23,38,-14,34,-33
58,-8,-59,-9,-18,46,-32,2,4,-24,48,49,-28,-45,-35,23,38,5,42,51,37,-31,-16,10,-34,36,-47,13,-52,-55,22,7,-43,25,15,-26,-21,-17,41,-53,-39,-19,33,-57,14,-6,27,-11,-12,54,-20,29,40,-50,30,-60,44,-1,3,56
-17,7,-22,-10,24,57,-2,38,40,4,-44,15,-18,-55,-12,-34,1,13,36,60,37,3,-53,-5,32,-42,48,-54,-33,41,46,-25,29,16,-49,-19,-21,-8,-51,-9,-30,26,50,11,-58,-31,-52,-27,35,-43,39,47,23,28,14,-59,-6,45,56,-20
-2,1,50,-9,-12,51,39,-20,4,-19,-35,5,-34,15,-14,-45,-59,55,10,8,-58,52,-36,-57,29,-60,-28,27,-25,40,46,-38,-42,13,11,23,48,32,-7,-30,56,33,53,49,16,-31,-54,-37,-44,-3,-6,-22,-43,47,-18,-41,24,21,17,26
-43,30,45,36,-31,-19,60,23,-28,17,20,-48,55,-42,-27,-29,-10,56,6,-11,-26,54,-8,-41,-59,21,15,9,16,-2,5,46,-35,-53,33,-4,-38,37,-40,39,24,14,1,49,-3,-32,-50,12,-44,47,-57,-58,34,-22,-13,-18,51,52,25,-7
-45,24,-43,56,-32,27,-52,54,20,33,-34,-57,51,-41,46,-17,16,28,-59,-9,-30,39,47,-2,-40,44,-6,-18,53,21,42,5,-10,11,-48,-49,38,-37,-22,25,14,-31,3,-26,1,-15,-23,35,36,-60,-13,7,-29,-8,58,-4,12,-55,19,50
-22,37,-57,25,-54,-59,-35,-30,52,15,-28,50,34,-31,-10,19,-48,-44,-16,-47,-60,1,-27,58,-4,-43,23,11,40,8,14,-38,39,-13,7,55,-2,32,-33,-29,-45,53,26,18,41,56,20,17,-51,-12,49,-9,-42,5,-36,-46,3,-24,6,21
-32,60,-35,28,6,-5,-22,-13,-39,56,-41,-14,8,12,23,-34,24,-51,-37,-26,54,7,-15,-17,-50,20,-59,-4,-57,48,36,1,42,16,3,-31,19,-43,9,45,11,-33,38,46,-40,-44,-49,-30,47,25,18,-58,-55,-21,53,-10,29,52,27,-2
-45,-31,28,47,-39,-58,-34,-60,35,-16,46,-36,-56,-54,20,10,57,-40,-30,-15,33,52,24,-23,-59,48,41,-3,38,19,2,37,-21,7,-9,12,-32,-29,5,18,-27,-44,-50,42,1,-11,-4,-26,-55,43,53,-22,-51,14,49,13,-17,6,25,8
-60,-35,-59,37,24,-54,-57,-12,-23,33,-13,8,11,48,-36,-45,44,39,-34,21,-20,-29,9,-5,53,-43,55,41,22,-31,30,47,-10,19,2,15,-4,-50,-18,49,-28,56,26,-17,16,51,-32,-14,-40,38,-46,-58,-25,6,-27,-42,7,52,3,1
21,-42,-11,31,28,13,12,57,-29,55,3,-7,-6,-60,-37,-23,32,-27,30,-35,-1,58,16,-52,-26,25,18,-5,9,-19,-4,-17,-49,44,20,56,15,-53,43,-59,-50,2,-39,-34,47,51,-45,-54,33,41,-46,24,38,48,-10,-36,-8,-22,40,14
53,60,43,-36,8,47,-20,-5,-13,-25,42,14,9,-12,33,-44,45,34,-59,7,26,-41,29,-39,10,-21,32,30,-23,-28,37,-27,-15,-18,38,4,-31,-35,24,57,22,-11,-3,16,-17,52,-6,-54,51,-56,-49,-46,-1,48,-58,50,-40,55,19,-2
-51,34,-27,-8,-54,-39,47,4,25,-14,-22,-18,36,10,46,29,21,12,-32,-49,-17,11,-55,-38,-9,31,3,-57,-16,59,-26,19,-45,-2,-37,-13,35,24,6,52,-53,58,60,-48,33,-15,-7,44,20,-56,1,-40,41,5,23,50,28,-42,-30,-43
-24,20,-37,-54,7,-45,-5,17,23,55,35,58,47,-52,-53,-38,-8,33,-41,-2,-49,44,-9,1,32,-48,-42,36,57,-34,-50,-25,-18,30,-11,-28,3,16,-46,56,19,27,51,-22,6,39,-13,26,21,31,-43,14,15,4,-10,-40,-29,-12,-60,59
33,34,-46,23,36,-41,-51,-11,37,15,8,40,59,-28,-10,-53,-26,-60,38,-56,-29,49,-4,54,-32,17,-55,14,21,42,-52,25,-1,-2,44,-5,-9,-19,-45,-12,6,-30,-47,-35,39,3,43,-57,-22,-58,7,31,16,-24,27,20,48,50,-13,18
-10,56,-32,58,7,44,-5,-51,-31,1,-21,33,28,57,55,-42,60,-49,-30,-37,11,34,50,38,45,39,35,-13,48,19,9,3,-12,-22,-27,-52,20,-24,-26,-43,-53,16,40,-6,-25,-47,46,-29,18,-23,8,36,41,-59,-15,-2,-14,-4,54,-17
26,-15,43,58,-27,55,-9,-14,7,21,-34,-33,42,8,2,-41,-30,52,-60,53,-10,-39,57,-36,51,-1,5,32,46,17,-44,-28,12,11,49,24,-38,37,22,54,16,-13,-3,31,-59,-29,48,-47,-35,56,-25,-18,-20,-40,-6,-50,-23,-4,45,19
-24,52,44,-21,34,51,-42,40,-29,19,-26,-43,50,41,16,-15,32,-59,-10,39,4,45,37,1,58,11,-49,-56,9,-57,-36,-17,-55,-5,47,31,-23,60,-20,-8,-14,7,12,-3,-22,-53,-35,54,27,-13,-6,-2,46,-48,33,28,30,-25,18,-38
-28,48,8,37,52,-54,-19,-3,60,-18,-22,35,23,-53,31,38,24,10,7,45,-43,11,-13,-17,-32,-55,56,1,40,58,-15,25,-57,41,-12,-39,-4,-16,36,-29,-34,-51,21,46,-20,-44,50,-2,59,-47,42,-5,14,6,26,-27,33,-30,-49,-9
-36,60,-26,-57,27,21,-48,20,53,-18,-32,-19,-31,44,-42,22,-35,10,12,-8,-6,-16,-38,37,43,3,-5,59,47,-46,13,11,-41,-58,17,1,-24,23,40,-39,33,15,-25,-14,56,30,-29,7,54,55,52,-51,-9,-49,-50,-45,4,34,-28,-2
32,-33,-30,45,-42,43,12,59,34,38,20,-7,-35,48,-19,54,47,41,15,-11,60,52,50,-46,-29,-56,-53,39,25,3,-40,-1,2,-9,13,57,51,-10,-28,31,-18,5,-6,58,-4,24,-17,-14,-55,-23,-37,-22,27,-16,49,26,-36,-44,-8,-21
-29,-32,60,44,-24,10,-53,-20,-31,-6,-46,-17,-45,-55,-30,27,12,56,-26,8,-51,-36,-40,5,35,19,-16,54,1,15,9,2,38,-41,-25,22,49,-33,59,23,34,-58,-47,-4,13,11,43,-57,-37,-52,21,50,7,-28,14,-18,48,42,-39,-3
18,-19,49,-30,58,21,31,-46,-56,36,13,-57,-11,-39,16,-15,38,-1,2,-40,-6,-28,43,-53,-42,-35,60,22,55,4,-7,-45,48,-41,26,-10,-52,-17,14,20,34,25,-23,59,32,8,51,-33,-3,54,-47,37,24,-50,-29,9,12,-5,-44,-27
-5,-26,-57,-54,1,50,49,40,-33,20,22,59,-36,60,-53,-29,-52,35,42,-10,44,-11,32,41,-56,2,43,-46,16,-31,30,-23,9,47,-18,13,-58,45,-48,-8,-24,-19,-27,-21,-38,28,-34,39,-7,-6,-55,17,15,4,51,25,3,37,-12,-14
16,42,-4,3,51,18,-49,46,-27,-37,25,41,31,-39,-57,-1,29,-6,45,36,34,-33,-30,-56,-11,54,9,32,-17,23,-13,-28,22,-21,59,-20,10,40,14,-38,-12,-2,53,60,-19,-8,58,-55,7,-52,-5,50,-43,-26,48,24,15,-47,-35,-44
2,-1,4,-3,-32,-38,-30,50,33,55,-35,-23,49,-58,25,-56,19,42,-17,27,-26,47,12,40,-15,21,-20,-52,-57,7,45,5,-9,60,11,-59,-51,6,48,-24,-54,-18,-46,53,-31,43,-22,-39,-13,-8,37,28,-44,41,-10,16,29,14,36,-34
-27,6,26,45,-52,-2,-41,9,-8,42,-46,19,-57,-32,-55,54,-40,59,-12,51,35,-24,-58,22,-50,-3,1,43,-33,47,38,14,29,-44,-21,-60,-48,-31,-56,17,7,-10,-28,34,-4,11,-30,37,-53,25,-20,5,49,-16,15,39,13,23,-18,36
17,56,30,59,34,11,-36,47,-24,-53,-6,54,-58,-35,51,27,-1,-42,-48,-33,28,23,-22,9,32,38,-16,-21,41,-3,52,-25,20,-5,14,7,46,-26,50,55,-29,18,-60,57,49,-37,-8,19,-45,-39,-15,-31,10,-12,-40,-2,-44,13,-4,43
51,6,34,57,-33,-2,31,56,-10,9,36,-19,39,54,25,-47,58,21,12,45,-18,40,59,30,-15,-29,-55,52,26,-24,-7,35,5,-3,-32,-11,46,41,-13,-22,-38,50,-53,48,-20,-37,16,-44,-60,-42,-1,-28,43,-14,27,-8,-4,-17,-23,49
55,48,-12,-31,50,-27,-58,-53,-19,-46,60,3,37,51,-52,-59,-44,-57,9,30,28,36,-40,29,-33,-54,6,-21,-24,-20,4,39,25,45,-42,-22,-13,49,-32,23,43,35,-41,17,-34,10,56,-2,-38,-5,-14,15,8,26,-1,-47,18,7,16,-11
-11,-8,47,46,15,-60,29,2,-21,33,1,35,23,54,-5,58,45,-50,41,-22,9,20,-13,-48,56,38,-52,-30,-7,28,-34,39,-10,31,-12,-53,44,-26,-32,-57,-19,-43,42,-37,-17,-4,-3,24,59,18,55,27,36,-14,-51,-25,40,-16,-49,6
-54,-29,-21,10,-31,42,-16,47,39,-4,17,-15,23,60,12,7,-11,-52,-27,-45,3,34,-13,59,-33,40,19,-32,2,51,5,28,25,-22,50,55,-58,57,-9,-26,-44,-6,56,41,20,53,-8,49,-48,-35,-30,18,-46,1,-36,-43,-38,37,-24,-14
49,-5,21,25,2,30,52,-32,-11,58,9,45,-35,28,-40,53,-48,41,-50,-24,-3,36,-43,20,-4,46,-60,-14,-54,-6,44,8,-38,-59,13,-22,47,33,-57,15,-18,-55,23,-31,-12,-26,-37,17,-1,19,56,-7,-16,29,42,-51,39,-10,34,27
-43,-46,-6,11,8,3,29,-5,22,-31,-4,30,42,37,-34,-51,-21,-27,47,45,17,-9,38,33,49,59,18,57,-7,-12,10,-36,-24,15,-60,32,-14,-23,44,-54,53,-13,1,-39,-20,2,-19,-52,-25,-58,16,48,-41,40,-56,55,-28,50,-26,35
-8,45,52,58,-53,-46,13,1,49,-24,-33,36,-7,22,30,56,-28,38,-26,-27,29,-14,59,10,-55,19,20,17,-21,-15,-44,-41,11,35,-34,-12,-60,-18,-48,-47,32,-43,42,31,-2,6,40,39,-9,57,54,-3,5,-51,25,-16,-50,-4,-23,37
-23,-6,-15,-39,-8,2,43,5,-11,-45,9,-30,-49,-37,3,41,36,-20,-54,18,22,-21,1,48,53,-56,-51,-47,-34,12,57,-44,-35,29,33,-17,14,46,4,-55,-16,60,-7,32,10,-38,28,-24,13,59,27,58,-25,19,40,26,-31,-52,-50,-42
-28,-52,11,38,-46,-48,13,-34,43,-26,-3,24,-7,60,37,-45,-59,25,35,-23,54,30,20,-12,-18,10,39,1,-55,-22,57,-33,32,8,-19,50,-15,-4,-27,-41,40,58,-9,-56,16,5,51,6,-53,-36,-47,2,49,-21,29,44,-31,-42,17,-14
-16,31,58,23,15,-57,-12,-41,18,56,-34,7,-20,-40,-5,1,-19,-9,17,13,-35,-30,-4,26,51,-24,-39,-48,38,22,-2,43,-59,11,21,60,-46,-29,27,14,8,53,-32,-52,50,37,-49,28,47,-45,-25,44,-42,55,-54,-10,6,-3,33,-36
-39,37,59,38,-11,44,29,-52,-41,25,5,56,17,-16,-36,14,-13,-51,-50,-45,26,54,48,-28,-10,-21,57,24,-7,-43,-42,-33,32,55,-40,15,-2,-4,1,35,9,31,30,-6,20,-60,49,-23,-47,19,18,8,58,-22,-34,-12,-27,-53,-3,46
14,-22,11,27,-8,23,56,5,32,-46,-3,15,-48,-1,-12,49,21,-59,39,-29,-17,2,-6,34,51,28,-4,-26,20,-60,-44,-9,-43,-24,54,53,-40,41,-19,37,-38,57,33,31,58,10,-50,13,-16,47,-25,-55,-36,-35,52,-7,-42,-45,18,30
-3,55,1,29,37,-27,-34,16,17,23,54,-32,-39,-45,-35,-8,-9,-44,-25,-31,-42,-38,-10,-26,19,24,6,43,-4,46,20,12,56,7,15,41,-5,22,13,-50,-36,21,-28,18,14,-30,-49,-59,47,40,-57,58,60,-11,-2,-33,51,-52,48,-53
-27,-10,-19,20,38,45,-48,33,31,2,-25,13,-12,-43,-28,-57,24,-34,3,-4,-29,-32,50,-17,11,42,1,15,21,-60,-9,22,-8,18,51,39,56,-5,-36,-58,53,-26,14,54,-6,52,-55,7,59,-23,-35,-46,-41,-44,47,-37,16,40,-49,30
44,-14,-46,-53,8,-22,54,-5,-25,-41,-56,36,58,2,34,-32,59,-39,33,37,50,6,49,31,9,42,40,43,35,60,-24,16,-19,-15,-29,-12,-20,-51,18,-27,10,-26,-28,-1,57,3,55,-52,-23,-21,38,48,4,-7,-47,11,-45,-13,-17,-30
12,-25,-20,36,21,-43,39,9,-8,23,-42,-1,-32,29,-40,22,33,-53,-52,3,-5,-16,-10,-26,2,24,-59,48,-14,37,41,13,-17,58,49,-4,-30,56,-7,15,-31,11,6,-51,-47,-57,45,-28,-35,60,44,19,18,-55,54,-38,46,-34,27,-50
47,59,25,-49,-9,30,-31,38,5,45,58,22,-40,44,-24,57,39,-42,52,-60,41,-12,-27,15,-3,32,23,43,51,-6,7,-26,35,-54,-33,-55,-46,-8,-17,13,-21,18,-28,-14,-10,37,-1,-50,4,48,-29,-19,-56,34,36,53,-16,-11,-2,20
-22,34,5,-33,-3,-55,-8,7,-30,-11,10,13,-12,-15,14,-51,53,58,44,45,23,1,-21,60,-28,40,-47,25,48,9,-36,-46,4,-2,-37,31,35,-39,38,-26,56,-57,-54,-19,-20,32,27,-29,52,59,16,-49,-17,43,6,-41,42,-18,-50,-24
45,12,-49,23,-30,-13,-17,-50,-11,48,9,-2,6,34,-40,-33,7,44,31,39,-36,53,-4,38,46,52,-37,41,-32,5,-19,29,16,-14,59,21,27,-24,-20,15,-28,-58,-51,-18,-1,-25,-60,-10,3,8,43,-26,-22,-55,54,57,-56,42,-35,47
-16,32,-27,-30,60,39,-23,-14,42,40,22,26,46,8,21,1,-59,-38,34,25,-15,-11,7,-41,-20,-12,3,56,-33,4,-51,-2,29,-19,-48,54,52,18,-6,-10,24,-9,-44,43,-50,-13,-53,35,-55,45,31,-37,47,-36,49,-28,-58,57,17,-5
27,-33,-43,-35,-47,-46,-48,-28,44,-41,53,-19,-23,-20,54,-26,-36,-42,12,14,37,60,13,-38,32,16,-1,8,-56,-51,34,-25,2,-31,4,17,-21,24,-59,-57,10,18,3,-9,-52,6,5,7,-55,58,30,45,-11,-15,49,29,40,-50,39,-22
-12,-27,-21,6,57,-4,-19,37,-34,28,24,1,41,45,-55,40,-52,59,7,26,3,44,-50,-11,60,-20,2,-10,-49,42,-43,56,-58,9,54,53,-8,-48,47,-16,-13,-30,31,-22,-14,51,-39,38,29,23,-46,17,-36,-35,15,-32,-5,33,-18,-25
-23,37,-5,36,3,-27,48,59,28,20,58,-16,-25,39,49,12,51,-24,21,-10,-19,42,1,18,13,-53,6,-9,-47,-32,-52,30,-43,-46,-38,-4,-2,35,-14,56,-44,-22,33,41,50,34,29,-7,-15,-45,-17,31,26,57,60,-40,-54,-11,-8,-55
-47,7,54,-27,-24,-21,-2,31,-55,40,-25,-17,-29,37,60,58,12,48,57,35,6,38,-53,5,11,-28,4,26,13,39,-8,44,51,-46,-20,-59,-14,-22,-30,-10,-56,50,-52,-32,49,34,1,-18,-45,-42,-33,43,23,-3,9,41,-19,-16,36,-15
-32,60,7,-49,-25,-24,-3,44,-29,-40,22,-28,38,54,-23,-51,59,35,-46,47,-41,-11,15,6,5,27,-26,12,9,-56,36,1,-48,58,-18,-31,53,-13,57,10,21,-45,55,-8,42,19,-20,33,4,-52,16,50,-37,-14,-43,30,-39,-34,-17,-2
26,19,60,10,-24,29,54,-41,-51,-4,27,-39,21,-34,-55,18,43,-16,-2,-40,-13,42,38,5,-28,-1,-11,25,-6,-37,35,-52,44,14,-31,57,30,-23,12,20,8,-22,-17,-33,-47,56,45,-58,50,-49,9,32,-59,-7,15,-46,-36,48,53,-3
-3,5,1,-58,-2,36,-34,39,-18,-47,51,-20,-29,17,-16,15,-14,9,-49,12,52,48,56,-25,24,28,-46,-26,13,-41,-35,-57,-42,7,31,-6,-53,-50,-8,60,30,33,44,-43,-54,27,10,-22,19,38,-11,-21,37,45,-59,-23,32,4,55,-40
33,-45,58,17,43,-10,32,19,48,6,44,24,29,38,31,50,-4,-41,-8,25,30,-34,35,-12,-20,-46,-37,55,-13,-21,-15,-7,-1,22,-23,57,27,-14,51,56,18,60,-5,-11,2,26,-52,-9,59,-16,-39,47,54,-53,-28,-40,-36,-3,-49,-42
-48,39,18,22,-58,-37,11,-28,-17,52,-7,-45,21,15,-14,-38,9,-3,-50,-53,-13,-4,-46,41,44,47,-29,8,27,-59,40,-36,42,56,43,32,6,16,-2,-31,-24,-33,-35,-25,12,23,-26,1,-57,19,60,-10,20,55,-54,-34,49,5,30,-51
-52,-41,49,30,47,-21,-25,-23,15,42,-26,-31,-39,51,-9,48,-58,-43,22,-59,6,-19,8,-60,7,11,33,-45,40,-4,12,-36,-27,-57,54,32,56,-53,13,-29,2,-10,18,46,28,-44,-5,-16,-3,55,-14,1,38,-35,-50,-37,34,17,20,24
-19,6,45,-33,-57,-2,-22,20,-47,-50,-16,-15,36,-27,12,11,55,-32,1,-8,30,7,-44,42,-46,-34,14,-43,40,-21,51,18,4,26,-56,-13,-41,-59,-54,-29,37,-24,28,23,-3,25,9,-52,60,10,-31,48,-58,39,-17,35,5,53,38,-49
-32,-50,-8,21,-54,-18,49,3,22,58,25,29,-43,46,41,28,45,6,30,-52,-4,-9,-39,-51,-11,-44,-60,-16,-12,-19,55,1,-57,59,-40,-37,36,47,23,35,-15,-56,13,26,-17,-14,-38,-53,-7,2,24,20,48,5,-31,42,33,-10,-34,27
-8,-40,28,10,-51,-49,-35,1,54,-4,46,-57,-31,-55,33,-45,50,-53,-43,-25,-22,21,36,38,20,41,42,-3,-32,56,13,29,-15,-52,7,-23,-39,-24,37,2,-26,-27,19,58,16,-11,60,-59,6,-17,5,34,18,-9,14,-30,12,-44,48,-47
30,60,-35,-23,40,-48,-59,36,34,53,-46,51,47,-27,21,-22,58,25,20,-19,-15,16,4,-45,-18,-39,14,42,43,-1,57,55,49,-9,3,-8,-56,-52,26,-5,-54,-28,-29,50,24,11,-13,6,-33,-44,-12,38,-10,41,-32,37,-31,-17,7,-2
5,50,-34,-51,-1,31,30,53,54,-59,12,-11,32,35,57,20,-29,40,-56,-16,-23,44,21,-27,58,-28,24,26,17,-7,-6,-13,-41,3,-14,43,49,-48,-60,-18,33,46,-36,-22,52,-42,55,38,-37,-2,4,-45,-8,-9,-47,19,-15,-25,10,39
-22,-23,59,60,-11,24,-9,-48,7,32,5,29,18,46,-31,-53,-19,-13,17,-35,28,1,2,-6,52,-30,-51,-21,-12,26,15,-10,47,39,20,-49,43,45,-34,-44,-50,-57,-37,40,-38,-14,-33,8,36,41,27,-25,16,56,-58,-54,42,55,-3,-4
-41,-6,-55,59,16,2,48,-21,-38,11,-10,-46,35,-40,-54,-5,28,-37,26,-53,8,57,43,51,-58,-19,50,-17,33,36,-39,47,-29,45,-13,-30,18,9,31,14,1,60,-23,52,-34,12,-32,-7,56,-27,-24,-44,20,15,3,-49,-22,25,-4,-42
9,-11,44,48,-56,-13,-24,14,-1,-21,2,23,6,-8,50,-53,-32,42,-37,-31,10,-43,-12,7,49,-54,-33,-41,-60,36,20,17,27,-57,39,-30,19,47,-35,59,28,-18,22,-3,-58,51,-38,-4,-25,-15,-46,55,16,26,-52,5,34,45,-40,29
32,33,11,-43,-47,20,-46,-34,-27,-16,-3,-29,18,42,58,10,26,-13,41,-6,-22,21,-55,-39,31,-17,9,51,12,59,-25,-1,-2,8,36,-35,44,48,24,54,-19,-14,4,-37,50,7,5,-38,-53,-45,-28,60,49,-40,23,-57,56,-15,-30,-52
30,48,60,-50,-26,-36,-33,-35,-23,43,-14,53,-44,11,-51,20,49,-29,55,-16,37,-41,9,38,-57,5,-42,-46,18,-1,-32,31,7,56,8,6,-21,-24,-58,45,22,27,-10,13,-40,28,54,-2,-17,4,15,59,-12,-47,-19,-34,25,39,-52,-3
45,-60,-46,-44,-48,21,35,-37,-34,-40,16,39,58,-20,-42,-11,-38,31,41,14,-6,52,33,57,59,55,-50,-51,-36,-47,-18,-53,-23,9,-7,29,8,17,-12,10,-19,15,54,4,-1,3,30,5,-56,27,28,-22,32,-43,-26,49,-24,-13,-25,2
-4,-12,11,1,22,7,-6,39,-43,-42,-3,2,-17,30,59,-45,13,26,-50,24,31,-5,47,-20,-53,-18,48,32,34,-14,-21,-28,57,-29,-58,-49,-41,56,-8,-54,37,10,9,46,16,-44,-23,-27,36,19,-55,60,25,40,51,-38,-33,35,-15,-52
50,-17,-53,-49,-6,5,-12,-60,36,-54,-33,7,47,-27,-43,-57,2,24,31,32,29,-59,-52,-18,-26,25,14,30,-21,-28,-19,-20,11,38,45,-9,39,-34,-37,44,-51,-46,15,-40,-35,42,-13,58,4,-1,41,23,3,10,56,-55,16,-48,22,8
-15,-35,34,5,-4,-23,36,57,55,-40,-32,24,-53,-26,1,-30,-29,-19,18,21,-20,37,6,-12,-41,14,51,39,17,16,-46,11,50,-3,2,-7,-22,44,-28,10,25,47,49,-38,60,31,-42,56,-43,-33,-27,59,13,58,-9,-48,-8,-54,-52,-45
-18,14,-44,-60,20,30,-41,-13,-53,35,46,58,8,-2,57,54,38,1,33,-5,37,34,-51,-42,-43,31,29,-59,-27,-6,-26,40,-19,-22,-10,48,-21,-17,47,-32,7,24,25,3,-55,-11,-39,-36,-52,-56,23,49,9,-16,45,50,-15,-12,28,4
44,-8,-25,-35,16,-56,-33,2,39,-34,46,55,-14,13,-26,-5,37,-53,-22,60,-31,19,-49,43,3,15,-29,-38,27,-52,21,-51,7,10,4,54,-17,28,-9,48,42,-41,-24,-1,-47,-11,45,-40,23,-58,32,30,18,-36,-12,6,59,50,-57,-20
31,-20,32,37,39,-8,53,6,17,-48,-24,-44,16,27,-28,-13,-9,-56,41,2,38,-59,-34,11,57,30,-14,15,54,-26,-1,-3,-45,23,-36,35,-4,-21,-5,58,-19,-52,-49,12,33,-50,51,10,43,46,-47,42,-7,-29,-60,18,-25,-40,22,55
53,17,-26,-30,-15,19,-9,18,7,-54,12,-11,-34,-22,5,43,-2,-8,-6,45,57,14,-24,23,-51,3,-42,-52,55,4,-48,33,-32,13,37,-49,-35,-41,-56,44,38,27,-16,-40,-20,-50,-59,31,36,46,25,28,-1,10,-29,39,-21,-60,47,58
-33,-18,5,-26,-3,-42,11,-56,54,45,-7,-59,-21,15,-14,-41,49,2,20,-19,13,-35,39,50,47,4,-48,32,55,-43,38,-28,1,40,22,46,57,-31,-23,-34,16,6,30,60,-10,-36,-25,27,-17,-24,53,-58,-51,-9,-29,8,-37,52,12,-44
-22,4,15,-2,19,47,-12,41,59,33,-43,7,-42,17,-3,-56,-14,-51,-5,25,49,1,37,-39,-20,58,-50,-30,-54,28,53,52,-10,45,-44,-55,-23,46,24,-57,-8,13,11,35,-34,-38,-6,60,-21,27,18,-32,-31,29,36,16,40,-26,-9,-48
40,-43,55,50,53,59,30,-29,-57,-13,-60,33,10,28,-31,22,-34,51,23,-41,27,-16,-19,-47,35,46,-21,-14,8,-7,15,-44,-12,17,-25,-45,48,-54,58,-1,20,-56,2,32,36,-26,24,-37,-52,-4,-18,49,-5,38,-3,42,9,-39,-6,11
-53,58,37,31,17,49,26,-12,-18,-40,46,8,39,-44,45,-25,-5,9,-43,48,-38,-59,29,-51,16,-7,-28,27,-23,-32,-4,30,52,50,56,-60,-3,21,-13,10,47,-55,19,14,-15,-11,-41,-20,-6,-34,24,-33,1,57,42,-35,-54,-2,22,36
-44,-14,15,22,28,12,-59,-16,-43,50,-56,-6,-25,2,-3,8,27,41,-55,-58,-40,-4,-60,-37,13,-51,-17,-5,-45,-36,-46,-47,-54,35,-34,30,24,-48,-52,21,-18,57,9,1,29,31,32,38,53,-10,26,39,-49,33,19,11,-42,20,7,23
-19,-4,-5,2,3,-52,-27,38,-49,40,37,59,47,33,-25,-20,-42,58,1,16,-56,-29,50,36,15,-60,7,30,22,-28,57,-39,-14,41,43,-24,-11,-8,32,-10,-34,17,-35,54,-46,45,-13,53,9,-23,55,6,-48,-44,-51,21,-31,-18,-12,26
-47,-43,-56,-39,9,23,18,46,-5,-55,54,15,30,37,-12,-31,-41,-7,-50,22,48,-20,-6,26,-52,-24,35,60,-49,-13,16,36,44,-45,-27,-32,-14,40,4,-38,17,53,2,-33,34,-8,1,-21,29,19,57,25,-42,-11,10,3,-51,59,-58,-28
52,-18,-13,56,-57,46,24,20,51,-15,12,-11,3,-35,10,-39,50,2,-27,-8,-58,59,-41,-7,34,-55,19,45,32,44,33,-29,-31,-25,14,-42,60,-43,16,-54,23,36,38,-30,-28,-6,48,-47,53,-17,-9,-1,-49,40,26,-4,5,21,-22,-37
-24,-36,-5,-7,3,-17,4,57,50,-46,49,-30,-48,39,-34,-55,6,-47,-27,26,-32,52,-40,1,53,-20,19,29,-28,12,-35,21,54,15,31,2,-42,51,-14,23,58,37,-45,56,43,10,18,13,-11,-9,-38,-22,-25,-33,16,-44,-8,-41,60,-59
