-39,20,11,-18,-32,-51,-53,-54,49,15,-3,-40,46,16,-10,-14,33,4,-31,-2,-30,35,-36,41,34,29,-52,43,-26,21,19,5,-17,-25,-22,23,42,-48,1,12,-24,-37,-28,-47,-50,-13,44,38,-9,45,6,27,7,8
-22,10,21,36,53,-35,19,-48,-40,-2,-30,31,26,-44,28,24,41,-34,-7,50,-3,1,42,-16,29,-13,47,-15,-25,11,-12,-38,-54,18,6,-4,46,32,-43,9,-17,-23,39,14,51,-37,-27,8,52,-20,-45,-49,-5,33
-46,-23,-37,-50,-36,41,-28,25,-26,14,43,-39,-54,-10,35,27,48,-53,-21,-34,19,-44,2,38,-8,-9,16,7,-31,-33,29,47,30,-20,-15,5,3,-24,12,52,-6,51,-11,22,49,1,-32,17,-45,4,-42,-40,18,13
45,25,-18,-23,38,51,53,-21,42,-26,22,-49,-41,17,-19,-44,-14,3,15,37,8,-11,4,39,-2,10,-40,52,46,54,-33,48,31,-36,-47,34,-20,-5,-24,27,13,-9,-50,16,-1,-29,35,-32,12,43,-6,-28,-7,-30
-34,-33,-42,10,49,-46,-48,-47,-29,-4,50,40,21,54,30,27,18,-17,-51,-45,-13,41,-25,-52,23,38,-16,-32,9,-15,-35,28,2,1,31,-43,53,-26,44,-12,-22,3,36,-39,20,6,8,7,-5,-11,19,24,-37,-14
-15,16,32,26,14,47,-51,-17,25,22,-19,29,-50,-5,1,-2,8,52,11,-36,53,-10,-30,33,-9,-4,-31,-48,-12,23,27,-3,-24,41,-38,20,40,35,-46,-37,-34,43,-42,-49,-54,39,-6,28,44,13,7,-18,-21,45
34,21,24,-12,-45,22,25,9,-8,-28,-13,4,11,-54,-50,41,-42,-39,-37,-27,-2,-6,-29,-3,-7,30,20,10,23,-26,52,-44,-40,-1,-48,-47,19,-43,18,33,-16,17,38,32,5,-49,36,35,46,15,-53,-31,51,14
28,-8,49,48,-35,-34,-20,2,46,-45,31,-54,50,-53,-51,42,-41,43,-38,7,-47,-52,37,36,-44,-39,-29,-1,27,-40,-11,33,-32,6,5,-24,-23,19,26,30,17,-16,-18,25,10,-9,21,-4,-3,-13,15,22,14,12
-42,-14,-44,-22,-25,19,29,-30,37,28,45,20,-43,2,31,-23,40,27,-6,-12,39,4,16,-46,5,47,-18,-10,-7,8,-15,-48,53,52,49,54,-9,-51,-21,-17,50,1,13,3,-11,24,-26,32,-35,-41,38,-34,-33,-36
-12,-20,54,19,18,38,15,-16,11,-40,-9,1,-30,48,-7,8,-25,-5,-4,2,-51,-28,-52,-31,17,36,42,-22,44,13,24,-33,32,-46,-41,-26,-45,-6,53,10,35,-27,50,-29,37,34,-49,14,47,-43,21,23,-39,-3
-37,41,-10,-38,25,-52,-19,43,-54,3,27,-53,-28,45,-39,20,32,-50,7,-16,-44,-46,40,-34,-5,-35,-11,13,51,36,-42,-17,-47,24,26,-30,1,4,15,-23,-2,31,-8,21,-14,22,33,-49,48,18,-29,6,12,9
15,-44,-8,-13,-37,-45,21,3,18,-24,19,-52,4,-22,-1,28,46,-9,-11,25,-7,14,49,10,-20,54,51,-16,36,-41,50,39,34,-33,42,-29,5,43,-32,-47,30,-35,-38,2,6,-17,40,-53,-23,-31,-27,12,48,-26
19,-15,-39,-34,10,-23,-24,-37,16,-5,29,-31,-48,-36,2,-9,-18,17,-1,43,33,27,6,7,-51,-42,-22,50,-11,-47,12,45,-21,4,-53,14,8,49,3,-41,40,26,-20,46,-32,-44,30,13,-38,-28,25,-54,35,52
22,-28,47,24,-39,53,8,-7,33,54,-45,13,-12,25,-36,-26,35,-40,-41,27,-46,-1,-32,-4,-14,16,-20,2,48,-50,38,23,-9,-42,-17,15,-49,-31,5,18,19,34,44,-43,11,21,-3,-29,37,30,52,-51,-6,-10
-29,12,4,-3,-13,-7,6,26,-37,-53,35,-2,5,40,-28,54,39,34,50,38,-27,42,48,31,32,-8,21,15,1,44,-24,-25,36,-18,-11,-33,9,-20,-17,-14,-52,-22,-49,-30,-47,-51,45,-23,43,-19,46,41,10,-16
-7,14,-45,-21,-23,9,1,18,-6,-43,48,28,-52,-2,37,-40,-30,-8,47,-42,4,-49,5,-29,44,46,53,-12,24,17,-34,-36,41,31,38,32,-15,-35,-54,16,-33,20,10,-25,3,-26,-19,-11,22,51,-50,13,-27,39
-14,-17,-43,9,20,11,27,-22,-4,47,-6,50,30,1,-18,25,2,15,-54,-5,36,8,-39,-42,-16,52,-7,40,-44,-13,-45,37,46,-48,-51,-21,-32,-41,23,-28,38,24,3,29,31,-33,-10,34,-53,-12,35,-26,49,19
12,-31,10,-19,41,7,-6,32,-52,-3,-36,-1,-45,-51,33,-46,23,-43,4,54,-38,47,-17,37,42,27,-26,-29,28,48,2,-8,-15,40,-39,11,-24,21,35,-34,-5,-25,18,-53,13,16,-22,-30,-50,49,14,9,44,-20
-23,39,26,-24,-16,-9,-25,48,6,12,13,-10,-11,-31,50,5,43,37,36,-52,44,-41,1,4,7,-3,29,45,-27,-38,14,42,-34,33,-54,-19,-18,30,-2,46,22,-32,-17,-21,-28,-40,51,-8,53,-15,-47,20,-49,35
46,-43,22,-47,-9,52,39,49,5,44,18,25,-38,32,-34,48,-51,-11,-30,53,-45,-3,-28,-36,-12,33,-37,23,-41,19,40,-14,-26,15,-50,24,27,13,-7,-31,29,-54,2,-10,21,-1,4,-16,-8,35,17,-6,-20,42
11,-18,-4,3,-33,-26,-42,-39,35,38,-1,-32,54,-27,-29,-41,-44,2,34,24,50,36,-46,-20,28,6,14,-25,15,-37,-53,12,5,-19,-9,-22,30,-10,8,51,16,7,45,17,-43,23,-48,47,-52,-21,-40,49,31,-13
51,53,50,-36,12,15,18,-40,-13,-27,-38,-5,9,-33,-6,49,20,-7,48,-17,54,-30,34,25,-24,-45,10,46,-47,22,42,52,14,-23,43,4,44,11,41,8,-39,-31,-35,-37,26,-28,29,-19,-16,-3,-1,-32,-2,-21
-5,29,23,-48,1,-10,36,11,-31,6,-8,32,35,26,45,37,52,53,-25,-49,42,33,-3,-38,19,-14,-44,-54,-2,43,9,-12,-22,-41,-13,-7,-16,24,40,-39,34,-21,-30,27,-15,51,-50,4,20,47,-46,-17,-18,28
32,48,-9,-42,50,46,-43,38,3,40,25,35,-22,-17,-27,-18,14,16,-26,47,-36,13,-53,44,-11,19,15,30,37,-28,-52,-1,-45,39,-12,21,-29,-8,-34,-10,-51,4,7,-24,33,-6,-20,-2,-54,-5,41,31,23,49
-33,-41,27,25,-46,-54,-47,-26,-39,-34,30,42,-23,36,51,31,-19,48,17,40,-49,50,13,-28,-4,8,-3,24,35,-11,-16,38,1,10,-29,-14,52,-32,9,-20,2,-12,-44,43,-53,5,7,-18,21,-22,-15,-37,45,6
-13,43,46,28,52,12,30,22,34,23,-27,-6,1,24,-38,-35,29,-21,33,-32,18,-8,-10,-14,53,39,11,-4,-17,-7,-51,20,-19,-9,16,44,48,15,-26,49,54,45,-2,-36,-42,-3,50,-37,-40,-47,31,-5,-25,-41
17,-50,35,-30,9,28,16,-29,-5,49,33,26,-31,-25,-45,-7,-1,22,-53,-41,40,-18,32,52,14,-12,-47,-6,8,4,13,-23,-11,-39,-3,37,-36,51,34,-21,20,-43,42,-48,15,-54,27,44,-10,2,-38,-24,19,46
-16,-35,-34,-11,-38,-39,12,45,-33,-23,4,-7,-18,-21,20,1,31,13,41,-15,14,30,10,29,-28,-43,50,25,-24,-22,-17,-37,9,3,2,-49,32,5,6,48,-19,53,26,47,-8,-52,-44,-40,36,-27,-54,46,-42,51
29,23,-6,8,27,3,-13,-4,10,-9,44,-20,7,35,-26,52,-36,45,32,12,-43,49,-2,28,-53,15,-5,-24,-1,-48,-41,-19,-46,51,-14,17,38,-37,54,47,31,-50,21,-11,-18,33,-40,30,-22,42,-34,-16,25,-39
-3,38,1,7,-31,54,-4,16,53,-25,-50,17,-21,47,-30,-8,-12,40,42,-44,13,-29,27,-49,10,-37,-23,-35,22,15,5,43,-51,36,28,-34,26,-2,-52,-18,-45,-19,-32,20,41,48,-14,-46,24,11,33,39,-9,-6
-21,46,-50,26,36,-22,31,-20,-10,9,32,-30,44,41,18,-49,54,-15,-28,8,1,6,-40,27,35,-4,-24,19,52,12,-7,-11,39,-43,-25,-5,-51,45,-33,23,-14,48,34,-13,-38,-2,53,-42,16,3,37,-29,-47,-17
40,-6,20,-43,34,2,-22,37,17,29,-28,44,14,-13,49,36,-9,23,-27,-3,-54,7,-18,32,-30,50,19,11,-10,25,45,-24,-41,-5,52,-16,-8,53,-51,-1,33,-46,4,-12,-31,42,48,-47,-15,-26,39,-35,-38,21
9,49,-41,-14,-15,-36,26,42,-1,-52,51,-28,-47,4,5,30,-53,-45,46,-37,-35,-50,-48,-40,31,-7,-39,12,32,-16,-25,-29,44,43,21,6,20,-54,27,24,3,-8,-34,-33,18,-19,13,23,-2,22,-11,10,17,38
30,-32,31,-21,-17,18,-41,47,-49,-38,-20,15,-44,27,-12,-51,5,-6,-48,11,4,-23,22,-25,24,-34,-14,-33,39,-1,-3,2,28,26,-37,53,35,10,-29,-52,7,50,-54,13,46,-45,-8,19,9,-42,16,40,-36,43
-6,-42,-12,49,32,1,-30,33,-25,-15,-31,3,-36,-24,10,17,-16,-37,-46,-39,34,-47,45,14,9,-54,28,-27,-35,7,11,-5,-8,-21,29,13,18,-44,20,-48,-43,2,41,38,-23,19,-22,40,-4,52,53,-50,51,26
25,4,39,-2,21,-28,9,-43,-7,37,14,-47,16,-11,-24,-13,-29,38,27,42,-5,31,51,15,-1,49,-19,6,17,-46,-22,-35,48,50,32,-53,-10,-18,-3,44,45,-20,8,-40,-41,30,12,-33,-26,-34,-23,54,36,-52
24,47,44,41,28,-21,-40,-14,31,17,26,35,-32,8,-37,-25,-10,42,-39,-38,6,-36,-54,-1,16,-11,45,-5,-49,51,-9,13,52,-48,-12,22,15,20,19,7,-4,-18,46,-3,-27,-43,-2,34,29,-53,-30,-33,50,23
-32,-7,-26,21,-29,23,2,-9,8,53,-22,-17,-34,46,-42,40,12,-36,-44,52,-4,11,-6,48,-49,3,-35,-51,5,38,41,1,43,13,27,18,39,-30,-37,-16,-31,15,-33,19,50,-14,-54,-24,25,-45,28,-20,-10,47
5,35,53,-16,-1,-41,-49,34,15,-47,-48,-22,-39,28,-9,4,19,-46,-17,-43,45,12,24,-23,-33,51,44,-14,-50,-32,-38,30,25,-8,-2,-54,-40,31,13,37,6,-52,20,-27,-21,18,10,11,7,29,-26,42,-3,36
38,-24,-7,-39,-19,14,3,-15,-11,-50,9,45,29,-6,8,-36,-27,25,5,-48,31,52,54,2,-18,-30,17,41,-13,26,-21,-46,-37,35,-34,16,33,-1,4,-53,-28,47,51,49,-12,32,-42,20,-44,10,-43,-22,40,-23
-44,32,-40,6,37,-4,10,24,-28,-7,-26,-51,21,-46,22,45,47,-41,35,29,-13,-15,53,-8,33,11,-36,9,-20,49,54,-2,-25,42,-19,27,-5,39,-38,3,18,-34,48,1,-16,14,-17,-43,-30,-52,12,50,-23,-31
16,54,28,50,-6,5,-33,40,48,19,49,23,-35,20,-25,-1,30,47,-10,-14,-52,38,-12,-41,15,-29,32,-3,26,-17,53,-27,7,-37,13,46,34,-22,51,-8,24,44,-45,-42,43,-36,-18,-9,-11,-4,-39,21,-31,-2
-28,-11,-47,-54,-27,-24,43,-52,22,16,2,46,-15,-48,13,-10,-39,-44,37,41,30,-9,-42,6,-45,-38,5,1,40,-21,-32,31,51,-53,-49,-50,-19,26,17,-29,-20,23,-7,18,25,-12,3,14,35,36,-33,8,34,4
-54,13,-31,-46,-43,-44,-12,-49,50,-20,-17,7,-2,-16,48,14,11,32,30,10,38,-51,-27,-47,41,-40,23,-53,33,-19,3,-18,-29,-35,34,-42,45,-21,52,26,-25,36,5,6,-37,4,24,-15,8,-9,22,-39,28,1
53,-4,52,2,29,25,-14,36,-34,27,38,-43,19,7,40,-54,-20,-47,-13,17,-24,39,35,21,-6,41,-10,49,-5,37,33,44,-31,9,-23,-8,-30,-11,-22,-15,-26,-45,12,-32,42,51,18,-50,-28,48,-46,-3,-1,16
-31,-45,34,-40,-18,-27,-53,54,21,-32,-14,47,28,11,-48,-17,16,5,-29,-22,-9,20,-49,42,39,-33,6,-13,19,-51,1,10,26,-3,-43,-38,41,36,-25,4,-37,-24,35,-52,2,50,-12,15,23,-46,30,44,7,-8
-51,8,-19,-44,46,-29,13,-2,28,-18,15,-21,-7,37,-11,26,-34,10,3,-54,12,53,-41,-39,-35,-16,-49,-9,6,-42,-47,-50,40,17,25,43,-14,48,24,-33,23,30,-36,4,52,-5,31,-38,27,32,1,-45,-22,20
-43,22,-29,47,31,37,42,39,-30,32,-23,14,51,-12,-21,-20,-35,33,-52,16,15,-2,11,53,54,-50,-41,44,3,9,-5,-10,-18,48,17,-46,-6,40,-8,-38,27,-7,1,-28,-49,36,-4,-34,45,26,-13,19,-24,-25
52,-50,45,5,-4,-15,47,21,-24,-14,-39,54,-37,10,6,46,53,-31,-22,-33,-8,19,-44,9,51,43,49,29,-28,34,18,35,20,-30,-32,40,13,-42,11,-36,-48,38,-26,23,-3,-16,-7,41,-27,2,-25,-1,-17,-12
49,-27,-14,16,8,34,-23,-5,-41,21,-25,-44,39,3,-40,-4,50,-19,18,-53,-10,-33,7,-30,11,37,2,-42,43,24,51,46,22,-6,48,45,-26,54,-13,15,9,28,-29,12,-36,-32,52,-35,-1,-17,-31,-47,20,-38
21,-16,33,-41,-42,13,34,-26,27,25,-51,-45,-6,-52,-43,2,-31,-38,49,36,-1,40,29,46,-10,8,-9,-50,-23,-54,17,-37,-3,-7,47,-20,32,18,-48,-22,4,5,15,53,12,-24,-35,39,-19,28,11,14,-44,30
-17,42,51,-45,-28,43,-9,35,7,-12,41,10,-19,-18,-23,-53,1,14,13,-47,26,-39,15,-33,-34,-21,31,5,38,50,-27,-54,24,25,-8,48,-52,-29,22,-49,-11,-2,-6,-46,4,44,20,-36,40,-30,-3,37,16,32
48,6,5,52,-3,-2,-54,29,-46,30,-37,19,23,31,53,21,27,-25,-12,33,-16,-42,-13,-50,18,35,-17,-39,-8,-10,-14,51,-20,-45,-26,-44,11,-47,28,-43,49,22,40,36,34,9,38,-1,-41,24,-32,-4,-15,7
10,-36,-52,-9,43,24,20,-11,4,-1,8,39,-29,-30,25,-38,-21,-35,28,-7,17,-37,-51,-6,-15,32,-53,-19,13,14,47,-26,-48,54,18,2,22,16,-12,41,-40,-44,-5,42,-46,45,-31,33,50,-49,23,3,27,-34
-26,-5,-32,30,2,-31,44,-25,-53,-35,16,-15,42,-40,12,-11,-33,-22,54,49,52,18,36,47,8,1,39,-38,41,-4,6,3,17,-50,10,-23,-46,28,-27,14,-29,-13,-51,-7,-48,37,-24,45,-20,34,43,-21,9,-19
23,19,25,-6,-50,4,-15,12,-36,34,40,-8,49,38,7,-45,-42,30,-2,21,-20,26,-1,-54,-3,-22,46,35,-48,-18,-39,-47,-43,-10,-28,9,51,-14,31,-11,44,17,33,-41,16,-27,32,29,-13,5,-37,53,-52,24
-50,45,37,14,15,36,-26,-35,-17,-31,-12,11,-32,-4,-5,43,9,-20,44,18,51,-40,28,49,-52,7,34,-23,-38,33,10,-13,-30,-27,8,-6,-3,-29,42,22,47,-39,-16,-19,-2,53,-41,54,-24,1,-21,25,-46,-48
-53,33,-21,-35,-8,16,-39,5,24,46,40,-36,-25,-49,17,-6,-15,-30,22,-31,3,-19,47,-9,13,-28,-42,26,50,18,20,-43,-2,37,4,12,-34,52,7,-11,-54,27,32,51,48,-10,-23,-45,14,-29,-44,-38,1,41
4,-3,2,-1,-47,-48,17,19,-32,-37,-18,-26,-51,15,-14,-50,-7,11,-8,23,35,46,-20,43,40,12,54,-52,-53,-31,30,9,38,-44,-21,41,10,-33,-45,-25,-36,-49,-24,34,39,-22,5,6,42,16,13,28,29,-27
-30,9,41,27,7,26,-5,-23,-2,-19,52,33,36,-38,-47,53,22,29,10,28,-50,-17,8,-37,-48,-6,-4,-20,-18,1,-44,40,-12,-51,-45,-13,24,14,49,-32,-3,46,54,31,35,-42,15,25,-39,21,34,-11,-16,-43
50,34,-36,45,-24,44,11,-51,32,13,-7,-41,-10,-15,14,22,-54,-42,39,-30,47,-16,25,5,-23,-48,-46,-37,31,20,-29,-9,-52,-2,-40,3,28,-53,-19,35,12,18,49,-6,-4,27,-21,26,-43,-1,8,33,38,17
43,-38,19,11,-12,-22,-18,52,-44,50,-4,5,24,-28,23,-31,26,7,-3,48,-33,6,-15,-13,-32,-17,36,14,-54,-34,16,25,21,30,39,-27,-42,2,-35,-45,-53,37,-1,9,40,-47,46,-20,51,-10,-49,-8,41,29
7,-10,-15,-25,39,-13,1,27,40,2,23,-37,6,30,3,-28,51,-26,-42,-50,43,54,-11,45,4,18,-8,16,-32,-14,35,29,-38,46,-31,-41,12,33,-5,-9,36,19,-21,47,24,-34,-44,49,-48,20,-17,-53,52,-22
-38,18,-5,32,3,42,-44,10,-20,-8,-35,36,-16,-23,-33,13,24,-2,45,9,25,29,14,-17,-21,-27,26,37,-22,40,-46,-4,15,-47,11,-12,-28,1,-49,-30,51,-6,52,7,-19,31,34,-54,39,53,-41,-43,-50,48
-11,-26,38,-7,-20,-19,4,-18,-42,-54,1,-51,15,-32,-13,-52,-40,8,6,5,-39,-25,50,37,22,2,-30,-34,45,27,44,14,35,28,-33,49,-24,-3,21,17,-46,9,-47,-31,-29,41,43,53,-36,-23,12,16,-48,10
-9,40,30,29,26,17,-27,13,1,-36,-41,-48,-8,33,-16,15,-6,21,20,-19,-18,51,39,-35,50,-5,7,32,-4,-3,37,-28,-14,49,24,10,-31,46,-23,-2,11,-47,-52,-54,53,-38,42,12,-34,-25,-22,43,-45,44
45,24,-33,43,19,-8,-50,6,-12,51,-44,9,47,23,38,-21,-52,-49,-5,35,16,32,-14,-2,-27,34,25,31,-30,29,-28,-22,3,-26,-20,-37,36,-15,-53,-42,48,40,-4,11,-1,54,-13,-41,18,7,-10,17,39,-46
8,-34,48,22,-44,30,-40,-1,-35,45,53,-24,27,-42,41,-39,38,46,31,32,-23,-4,21,12,26,-25,-13,33,49,-6,-19,-20,-28,2,9,52,-43,-17,16,7,-15,14,37,5,-10,-18,-51,-3,-29,54,47,-36,-11,-50
2,-1,40,-8,-26,39,41,4,43,-49,-54,-16,44,-29,-31,12,-22,-27,-35,51,28,17,-24,23,-47,5,18,-21,14,-52,15,50,42,45,19,-48,-53,-46,-6,-3,-7,-33,-9,-13,-34,38,25,36,10,-32,-20,30,37,11
-4,31,-51,1,-54,-11,-21,46,26,48,6,-18,-33,19,36,-34,-24,12,-14,-23,7,-45,20,17,27,-9,-25,39,-37,47,-2,-53,13,16,50,-15,29,42,-28,43,-49,-38,-40,52,22,-8,-30,-10,41,-35,3,-44,32,5
-45,44,9,33,35,27,-8,7,-3,-22,-16,-23,31,-36,21,11,37,-51,43,-46,-15,10,12,30,47,-52,-6,48,54,-24,-13,-42,-4,-49,-5,14,-17,-50,-40,39,53,32,-19,-2,1,20,-25,-28,34,38,18,26,-41,-29
15,-46,-17,-37,-48,-47,45,-53,-19,-39,36,16,-27,-35,-1,-12,3,-29,9,30,-42,-43,41,-32,-31,-44,13,-49,18,-20,25,24,54,38,14,-11,4,-34,10,50,-23,21,22,26,-7,2,6,5,28,-40,-52,51,8,-33
7,27,-54,51,33,-25,-1,17,38,36,-34,-42,48,29,47,-43,-8,50,40,-24,-26,23,-22,20,6,21,-2,-44,-14,32,49,-30,-5,11,53,-10,52,-9,45,-19,46,12,16,28,-39,-41,-15,-13,-31,-18,-4,-37,-35,3
-25,-12,-22,-5,4,-20,48,-13,35,-47,-21,2,8,49,-41,-30,-28,-24,-33,6,11,3,-45,18,1,-51,37,17,53,16,-43,54,19,-52,-9,42,-27,50,-44,-46,15,-36,31,39,23,40,10,-7,-14,-38,26,34,-29,-32
20,-19,18,13,23,50,14,22,-51,41,-24,-35,-4,-7,54,39,44,-3,2,-1,-31,-8,-5,11,37,53,30,-42,-45,-27,21,-34,-36,32,12,33,-25,-40,-16,38,-10,28,-46,-17,29,43,49,-52,-47,-6,9,48,-26,-15
-35,-54,16,-49,-52,-37,-46,-31,-23,24,12,-11,34,-19,-44,-3,-32,28,14,22,-53,-20,9,-10,-39,45,41,-18,30,-29,8,17,-50,-13,1,-51,6,47,25,42,-27,-40,-48,15,-26,7,-38,43,4,33,36,5,21,2
13,15,-20,-5,4,8,22,-6,54,-16,46,21,-1,53,-2,10,28,39,-50,3,-12,-7,-35,51,-37,-49,-45,-17,-43,31,-30,-40,47,44,23,42,25,-41,-18,32,38,-36,29,-34,27,-11,-33,52,26,19,-24,-48,-14,-9
3,-13,-1,44,-51,20,-31,-10,30,8,-53,-19,2,-26,-46,33,-38,35,12,-6,37,48,-43,-27,52,14,24,54,-36,-9,7,-41,-16,47,-18,29,-21,17,-42,-50,32,39,23,-4,49,15,-34,-22,-45,40,5,-25,11,-28
18,-39,-13,-10,17,-49,50,14,-38,4,54,41,3,-8,-20,-45,-5,-1,-47,15,-25,-34,-31,-44,21,32,-48,42,-33,35,23,-26,29,22,-30,-52,43,9,2,-51,-12,-28,-37,24,16,-53,19,27,6,-7,40,36,46,-11
-41,26,43,-29,-21,-14,38,20,36,31,-32,48,-46,6,19,50,49,51,-15,-8,5,25,52,-54,-22,-2,-28,27,4,42,-10,11,-39,-40,37,-9,-35,-7,33,34,1,-30,-3,45,-44,13,53,-12,-17,-16,-18,-23,-47,24
54,5,-27,-15,-2,-30,-35,-33,41,-42,-49,-38,-26,-20,4,47,-45,44,-31,14,23,-24,-21,22,46,13,3,-36,-52,6,19,34,8,-32,7,28,-50,12,43,53,-9,10,-39,-18,17,-25,-16,-51,11,37,48,29,-40,-1
-27,-9,-11,18,45,49,-23,-42,2,-51,3,34,-14,13,38,-19,21,-4,16,26,-17,-54,7,-48,-50,-20,1,-43,47,-53,46,-52,-35,-12,33,-40,-44,-15,-41,36,39,8,28,37,-5,-31,-29,24,-6,25,10,32,30,22
47,17,6,15,-41,-3,28,31,-16,-44,39,30,45,-37,-4,9,-2,20,51,-18,-48,24,-38,-22,-26,25,-32,-7,-34,-12,-8,27,50,29,-36,35,14,23,-11,-54,5,52,53,10,-13,49,-1,21,-46,-33,-19,-42,-43,40
-49,-37,36,34,13,29,23,51,-15,33,20,-50,-5,44,9,18,42,-16,-45,-11,-46,54,-7,40,43,-53,35,47,-6,41,48,-39,-10,-4,-27,-3,2,-52,32,-24,-30,-17,-25,-14,19,21,-28,-31,1,12,-8,38,26,-22
-20,-25,29,-52,24,-42,37,-34,-18,39,-46,38,33,43,-49,-48,-28,9,-36,1,27,-32,31,-5,2,50,-21,17,-3,53,-23,22,-13,8,44,19,-7,-12,-10,45,-47,6,-14,-35,-40,11,41,16,15,-26,54,4,-30,-51
-52,3,-2,-20,40,-43,-16,28,23,-17,-29,-27,41,-45,-32,7,10,31,21,4,-19,-38,-9,34,49,44,12,-8,11,-35,-18,15,-53,-24,30,51,50,22,-47,-5,-13,54,6,-26,14,-48,39,46,-25,-37,-36,1,33,-42
14,7,-30,35,-10,40,-2,-32,52,5,37,43,18,-1,42,34,-23,-13,-24,45,-22,21,17,19,-31,48,-51,38,46,3,25,8,-49,-16,-4,-39,-11,-28,36,-6,-44,-15,-12,41,-20,-29,-53,-26,33,-54,27,-9,47,50
42,-21,17,39,-34,45,46,44,-14,-29,-40,27,-24,9,-35,51,-3,-33,53,-25,2,28,-50,13,20,-47,-12,-22,10,-43,-54,-49,18,5,15,38,-48,-36,-4,11,52,-1,30,-8,-6,-7,26,37,32,23,-16,-41,-19,31
35,37,12,-32,-11,-17,49,-27,-21,-13,5,-3,10,52,24,-47,6,36,-34,-40,9,-26,33,-15,-38,22,8,-30,-46,28,-48,4,-23,19,-1,-18,-2,25,50,20,-42,41,-53,54,-51,29,16,31,-7,-39,45,-14,43,-44
-24,-30,-35,46,48,-53,-34,-36,12,20,-52,-9,17,-47,43,-42,-13,19,-18,-10,-28,-31,-37,1,-54,40,-50,21,-39,2,22,41,-44,7,3,8,23,-45,29,-26,-32,16,-15,33,38,-4,14,-5,-51,27,49,11,6,25
39,-49,-23,37,44,32,-36,53,-45,-30,34,24,25,-50,-22,38,48,-52,26,46,-29,15,3,-12,-13,-19,33,-41,21,10,-40,-6,-27,-11,54,7,-4,-16,-1,31,28,-51,47,-5,9,-20,-43,-17,2,14,42,18,-8,-35
-8,52,15,40,47,35,-38,1,-22,-33,21,53,-49,39,-3,20,-46,-28,23,-16,-11,9,-19,-31,-43,42,-54,18,34,-44,24,-45,10,-29,-6,50,-41,7,-14,-4,37,-26,25,30,32,17,-5,51,13,-36,-48,-2,-12,27
-2,1,-53,-27,-40,-33,32,-50,19,-21,-47,-14,52,12,39,-24,-26,-48,-9,31,10,45,-34,16,36,17,4,-46,-42,49,-20,-7,6,23,51,-25,54,44,-15,5,43,29,-41,-38,-22,28,11,18,-30,8,-35,-13,3,-37
44,28,-49,12,-14,-40,-31,41,47,26,-42,-4,-17,5,46,29,13,37,25,-35,-32,-51,-33,-43,-19,-10,38,-2,-16,-36,7,21,23,53,20,30,-18,-27,48,6,-8,11,24,-1,54,-15,-9,-39,3,52,22,-50,-34,-45
27,-39,-28,54,30,-32,33,10,29,-8,17,22,53,-43,-52,35,-11,-23,-40,34,-41,-12,18,-51,38,-46,-1,3,-9,-5,-50,6,-7,-20,-16,-45,47,-25,2,19,21,49,14,48,36,26,-37,-44,-42,31,24,15,-13,-4
-47,-53,13,-51,-22,48,-37,23,45,43,24,-33,-3,42,16,-15,36,49,38,-28,46,5,-8,-11,-29,-41,52,20,25,39,32,-31,12,-54,40,-17,7,-19,-30,-35,26,-14,-10,50,-9,-21,1,-6,-18,-44,4,-27,2,34
37,11,-25,23,-30,-12,52,-38,-27,-46,-2,6,-40,-34,29,44,45,50,-43,-26,41,-48,-4,35,3,20,9,51,-15,5,-49,36,-42,14,-24,-32,-1,8,47,13,-21,33,19,-16,-17,10,-39,22,31,-18,-28,-7,54,-53
31,-48,7,17,16,21,-3,-41,39,-11,10,-34,38,50,27,-5,-4,-32,-20,19,-6,37,43,-26,-36,24,-15,-40,-51,-45,-1,18,49,12,-44,25,-22,-13,-9,-28,8,-53,-23,35,30,52,54,2,-33,-14,29,-46,-42,-47
6,51,8,-33,22,-1,40,-3,44,52,42,-25,-20,-39,-54,19,-37,24,-16,13,29,-5,30,-18,12,-32,-34,-45,-21,-23,-36,26,4,27,46,31,17,41,14,-7,-38,-11,47,-9,28,-35,-43,-50,53,48,-2,-10,-49,15
-36,-40,14,38,54,-18,-52,-44,-48,42,-33,-13,12,-3,26,-29,34,6,-23,-21,20,-35,19,50,-41,-15,43,53,16,46,39,-51,11,-17,22,1,49,-4,-31,2,25,-10,-27,8,47,-30,-45,9,-37,-24,32,7,-28,-5
-19,-52,-24,-26,-49,-38,-17,15,-43,-41,28,18,-53,51,-8,-32,7,-12,1,44,48,34,-47,3,-46,4,-33,-11,-40,45,36,16,27,-22,-42,-31,-54,6,-50,29,10,35,9,-20,-30,25,23,-21,5,39,-14,2,13,37
41,36,-16,-28,19,33,-29,-45,20,-48,-43,52,40,-31,-17,3,15,54,-5,-9,-37,-27,44,26,-42,-24,22,4,7,-49,14,53,-6,35,-34,-2,21,-39,38,-13,-1,25,11,-23,8,47,-46,10,30,-51,50,-12,-32,-18
36,-29,33,42,51,10,54,-19,13,-6,-15,-46,-9,18,11,32,-49,-14,8,39,-34,43,26,-53,30,-23,-38,-47,2,-25,-37,-16,-3,21,41,-1,31,27,-20,-44,-35,-4,-22,40,-52,12,28,50,17,-48,-5,45,24,-7
-48,-22,-38,-17,-53,-50,-11,30,14,18,7,49,20,-9,-32,-33,4,-10,29,-13,24,2,46,21,45,31,-43,34,-19,-8,-26,-15,16,-28,-52,47,-39,3,37,54,42,-41,27,-51,-25,-23,-36,1,-12,6,44,35,5,-40
-40,-47,21,53,-7,-16,5,-12,-50,11,-10,8,43,22,44,6,25,41,-32,-51,-3,-14,-26,45,-17,23,48,-31,42,52,28,19,37,-38,-46,39,-33,34,-36,1,-18,-29,-13,-15,-24,35,2,-27,54,9,20,-30,-4,-49
26,50,-46,20,42,-33,-32,-24,51,35,47,-29,22,-41,-53,-37,-43,-54,52,-4,49,-13,38,8,48,-1,40,36,12,-39,34,7,6,-31,-10,-28,16,-23,30,-27,14,-5,17,-45,44,3,-11,-25,-21,-2,-9,-19,15,18
