9,-8,25,-7,-13,26,4,2,-1,23,-20,14,5,-12,-21,30,-28,-29,22,11,15,-19,-10,-27,-3,-6,24,17,18,-16
3,11,-1,29,27,-15,13,-9,8,-30,-2,-24,-7,19,6,20,21,25,-14,-16,-17,28,-26,12,-18,23,-5,-22,-4,10
7,-4,-8,2,-11,10,-1,3,-13,-6,5,26,9,25,19,-28,-20,-23,-15,17,30,24,18,-22,-14,-12,-29,16,27,-21
-22,-25,26,13,-12,-28,-27,17,30,21,-16,5,-4,-18,-24,11,-8,14,23,29,-10,1,-19,15,2,-3,7,6,-20,-9
-13,23,-30,-20,9,-26,-12,-11,-5,24,8,7,1,27,17,-21,-15,28,25,4,16,-29,-2,-10,-19,6,-14,-18,22,3
-28,-15,-6,-10,16,3,30,25,-14,4,-17,-23,18,9,2,-5,11,-13,29,-26,-27,-24,12,22,-8,20,21,1,-19,-7
5,-28,13,20,-1,21,27,-18,19,-14,24,30,-3,10,26,23,29,8,-9,-4,-6,25,-16,-11,-22,-15,-7,2,-17,-12
-23,-5,28,27,2,-8,-16,6,-22,17,-18,-25,21,-24,-19,7,-10,11,15,26,-13,9,1,14,12,-20,-4,-3,30,-29
14,16,-10,-25,-27,-21,20,-30,29,3,-24,22,-23,-1,-28,-2,-19,-26,17,-7,6,-12,13,11,4,18,5,15,-9,8
8,20,21,-14,-25,-13,19,-1,28,-17,-15,-18,6,4,11,-24,10,12,-7,-2,-3,-23,22,16,5,29,-30,-9,-26,27
-10,-16,22,25,-18,15,23,9,-8,1,14,-28,-26,-11,-6,2,-29,5,21,27,-19,-3,-7,-30,-4,13,-20,12,17,24
-6,17,-14,-23,26,1,-29,15,-11,13,9,-27,-10,3,-8,-22,-2,19,-18,30,24,16,4,-21,28,-5,12,-25,7,-20
30,10,-13,26,-23,-7,6,-12,24,-2,20,8,3,-29,-16,15,18,-17,-28,-11,-25,27,5,-9,21,-4,-22,19,14,-1
20,-27,12,-24,10,-19,-21,-23,-17,-5,-25,-3,28,-16,22,14,9,29,6,-1,7,-15,8,4,11,-30,2,-13,-18,26
-18,30,20,21,19,7,-6,27,11,-22,-9,-13,12,23,28,-29,-26,1,-5,-3,-4,10,-14,25,-24,17,-8,-15,16,-2
-26,7,30,-27,13,-17,-2,-29,21,14,18,16,-5,-10,-25,-12,6,-11,-24,22,-9,-20,-28,19,15,1,4,23,8,-3
19,-11,-9,12,-6,5,21,26,3,-27,2,-4,-17,-20,29,28,13,24,-1,14,-7,23,-22,-18,-30,-8,10,-16,-15,25
6,14,-24,11,15,-1,28,-25,-26,22,-4,17,29,-2,-5,-30,-12,-21,27,-23,18,-10,20,3,8,9,-19,-7,-13,16
-27,-19,-21,9,29,-22,-8,7,-4,18,-14,-15,-16,11,12,13,30,-10,2,25,3,6,26,-28,-20,-23,1,24,-5,-17
4,-29,14,-1,-30,16,10,-22,23,-7,-26,21,17,-3,-20,-6,-13,-19,18,15,-12,8,-9,27,-28,11,-24,25,2,5
-2,1,-26,19,6,-5,-30,13,-18,25,21,-29,-8,28,-22,24,20,9,-4,-17,-11,15,27,-16,-10,3,-23,-14,12,7
10,-18,11,-5,4,8,16,-6,-12,-1,-3,9,26,-27,24,-7,-23,2,-25,-21,20,-28,17,-15,19,-13,14,22,-30,29
-8,21,-27,10,-19,30,11,1,-28,-4,-7,-16,25,22,20,12,-24,23,5,-15,-2,-14,-18,17,-13,-29,3,9,26,-6
12,-20,19,-11,24,-25,-26,-10,14,8,4,-1,15,-9,-13,-23,-21,-22,-3,2,17,18,16,-5,6,7,30,-29,28,-27
-5,8,-17,-30,1,-20,-22,-2,16,19,13,29,-11,-25,-18,-9,3,15,-10,6,27,7,24,-23,14,28,-21,-26,-12,4
21,4,-15,-2,-29,23,8,-7,17,27,-28,25,-22,26,3,-20,-9,-24,-30,16,-1,13,-6,18,-12,-14,-10,11,5,19
-19,-6,9,7,28,2,-4,20,-3,-16,12,-11,14,-13,30,10,23,-27,1,-8,29,-25,-17,-26,22,24,18,-5,-21,-15
26,3,-2,-19,-17,-12,-9,22,7,-28,27,6,30,15,-14,-18,5,16,4,24,23,-8,-21,-20,-29,-1,-11,10,25,-13
15,-10,-7,-16,14,20,3,-13,25,2,29,-26,8,-5,-1,4,24,27,-23,-6,-22,21,19,-17,-9,12,-18,-30,-11,28
-29,22,-16,14,17,11,-24,23,-15,-19,-6,27,-25,-4,9,3,-5,-28,10,-30,26,-2,-8,7,13,-21,-12,18,1,20
-3,-17,1,8,30,-14,-11,-4,18,-26,7,13,-12,6,-27,29,2,-9,-22,23,25,19,-20,28,-21,10,15,-24,-16,-5
17,25,16,-26,-24,19,29,-28,-27,-12,-13,10,11,-22,-23,-3,-1,-30,-6,21,-20,14,15,5,-2,4,9,8,-7,18
-15,28,6,-18,-26,-3,-20,21,22,16,30,-19,27,17,1,-10,-14,4,12,7,-8,-9,-29,-25,24,5,-13,-2,23,-11
-9,-13,-29,24,12,27,-18,-14,1,-21,-23,-5,2,8,-30,-19,-22,7,16,-25,10,17,11,-4,20,-28,-6,26,3,15
13,-21,24,-22,-20,-9,15,11,6,-29,-8,-14,-1,12,-7,18,19,-16,-17,5,2,4,28,-3,-27,30,25,-23,10,-26
-17,29,5,6,-3,-4,-19,14,-16,-18,-21,15,-28,-8,-12,9,1,10,7,-24,11,-30,-27,20,26,-25,23,13,-2,22
28,-30,8,17,18,29,9,-3,-7,12,19,-10,20,-15,14,22,-4,-5,-11,-13,-24,-16,-25,21,23,27,-26,-1,-6,2
-11,13,-19,28,-15,22,24,16,26,30,1,23,-2,20,5,-8,25,21,3,-14,-18,-6,-12,-7,-17,-9,29,-4,-27,-10
-24,15,7,-12,-21,-23,-3,10,-25,-8,-29,4,-14,13,-2,19,28,-20,-16,18,5,30,6,1,9,-27,26,-17,11,-22
29,27,-5,-28,3,14,-10,-24,15,7,23,-22,-21,-6,-9,25,-30,26,20,-19,13,12,-11,8,-16,-18,-2,4,-1,17
-7,-3,2,-13,-10,-18,1,-20,-19,5,28,24,4,-26,21,-17,16,6,9,8,-15,-27,30,-12,29,14,22,-11,-25,-23
22,-23,-4,3,7,-27,-5,29,-10,9,-12,11,-24,-30,-17,26,15,-25,-20,19,-28,-1,2,13,18,-16,6,21,-8,14
-12,-22,-23,-8,-9,-16,25,4,5,-24,-19,1,-29,21,-26,6,27,20,11,-18,-14,2,3,10,-7,15,-17,30,13,-28
-14,26,-18,-15,-8,24,17,5,13,-25,16,-20,-9,1,4,-11,-7,3,-21,12,19,29,-30,-6,10,-2,28,-27,-22,23
23,-24,10,18,22,12,14,-19,-30,-3,25,-6,16,-7,-29,-13,-27,-4,8,-28,-26,-5,-1,2,-11,21,17,20,15,9
-20,9,17,-6,11,4,-15,-21,-2,29,-5,18,19,30,7,-25,-3,-12,-13,1,8,-26,-24,23,16,22,-28,27,-10,-14
-16,24,-11,-21,-7,-30,5,28,12,-23,3,-9,-27,-19,18,1,22,-15,14,-29,4,-17,10,-2,-26,25,13,-8,20,6
11,-14,15,5,-4,25,-13,12,-29,20,-1,-8,7,2,-3,27,-18,17,28,-10,-23,26,21,30,-6,-22,-16,-19,9,-24
-30,6,-25,22,23,-2,18,-17,-20,-11,10,-21,-15,24,13,-26,8,-7,-27,9,12,-4,-5,-14,3,16,19,29,-28,1
18,-12,-28,-29,-14,-24,-25,30,-23,26,17,2,-19,5,27,21,-11,-1,13,-22,-16,20,9,6,7,-10,-15,3,4,-8
-21,5,18,-9,-2,-10,26,19,4,6,-22,-30,23,-17,16,-15,14,-3,-8,28,1,11,-13,-29,27,-7,-25,-20,24,12
2,-1,29,16,-22,13,-17,24,20,15,-27,28,-6,-21,-10,-4,7,30,-26,-9,14,5,25,-8,-23,19,11,-12,-3,-18
16,-7,-20,23,25,18,2,-15,27,-13,22,-17,10,-28,8,-1,12,-6,-29,3,-30,-11,-4,26,-5,-24,-9,14,19,21
-25,12,23,15,-28,-29,-14,-26,-21,11,-10,-2,24,7,-4,17,-16,22,30,-27,9,-18,-3,-13,1,8,20,5,6,-19
24,19,-22,-17,-16,9,-28,-27,-6,-15,26,20,-18,-23,10,5,4,13,-2,-12,-29,3,14,-1,30,-11,8,7,21,-25
-4,-26,27,1,20,17,12,18,10,-9,-30,-7,22,16,25,-14,-6,-8,24,-5,28,-13,29,-19,-15,2,-3,-21,-23,11
27,18,-12,30,21,-11,22,-16,-24,28,6,3,-20,29,23,8,-25,-2,26,13,-5,-7,-15,9,17,-19,-1,-10,-14,-4
25,-9,4,-3,8,28,-23,-5,2,-20,15,19,-30,18,-11,-27,26,-14,-12,10,22,-21,7,29,-1,-17,16,-6,-24,13
