-17,-13,4,-3,28,-49,-47,19,58,20,-14,-48,2,11,-51,-33,1,-60,-8,-10,37,-42,26,-52,-50,-23,45,-5,-59,-31,30,-39,16,41,-46,40,-21,43,32,-36,-34,22,-38,53,-27,35,7,12,6,25,15,24,-44,-55,54,-57,56,-9,29,18
-33,-38,-55,-46,-7,-25,5,-49,-56,41,-27,-48,50,-35,17,-18,-15,16,-44,29,54,-32,34,60,6,-52,11,59,-20,-47,-39,22,1,-23,14,40,43,2,31,-36,-10,45,-37,19,-42,4,30,12,8,-13,-57,26,58,-21,3,9,51,-53,-28,-24
17,-21,-53,-57,-8,-14,55,5,41,51,38,36,-60,6,30,-39,-1,23,-50,-52,2,-29,-18,40,33,-35,43,-47,22,-15,56,37,-25,-45,26,-12,-32,-11,16,-24,-9,54,-27,-46,34,44,28,-59,-58,19,-10,20,3,-42,-7,-31,4,49,48,13
32,60,-58,18,34,-27,-52,40,-56,33,-36,23,53,-30,46,51,41,-4,-38,26,-48,44,-12,49,29,-20,6,57,-25,14,54,-1,-10,-5,-43,11,45,19,50,-8,-17,-55,35,-22,-37,-15,59,21,-24,-39,-16,7,-13,-31,42,9,-28,3,-47,-2
-16,13,-30,-22,56,-10,-37,-47,-19,6,-58,18,-2,-21,52,1,-26,-12,9,51,14,4,-25,-46,23,17,36,53,32,3,-34,-29,43,31,59,-27,7,-44,49,54,-42,41,-33,38,50,24,8,-60,-39,-45,-20,-15,-28,-40,-57,-5,55,11,-35,48
43,21,13,38,-46,55,35,52,-37,54,-49,-48,-3,-22,-41,-40,-44,28,57,-23,-2,14,20,26,-34,-24,-47,-18,-58,36,-42,-33,32,25,-7,-30,9,-4,-56,16,15,31,-1,17,50,5,27,12,11,-45,59,-8,-60,-10,-6,39,-19,29,-51,53
24,-47,33,48,13,59,-21,-37,-42,-18,-25,-52,-5,50,-36,51,28,10,-60,38,7,34,35,-1,11,-32,-30,-17,40,27,-46,26,-3,-22,-23,15,8,-20,43,-29,-44,9,-39,41,-57,31,2,-4,-58,-14,-16,12,54,-53,-56,55,45,49,-6,19
24,39,-35,-19,-50,-51,60,-27,21,-38,-44,-55,-56,25,-53,-40,31,52,4,-54,-9,-47,-33,-1,-14,-46,8,-43,-37,-34,-17,58,23,30,3,-49,29,10,-2,16,-48,57,28,11,59,26,22,41,36,5,6,-18,15,20,12,13,-42,-32,-45,-7
-18,54,44,-58,32,34,-40,-21,55,19,-53,-29,37,-33,-20,25,-56,1,-10,15,8,-24,-49,22,-16,50,-35,39,12,-45,46,-5,14,-6,27,57,-13,-47,-28,7,-60,-52,59,-3,30,-31,38,51,23,-26,-48,42,11,-2,-9,17,-36,4,-43,41
-40,42,37,-10,-57,-8,38,6,-44,4,-45,58,-28,-34,-23,-53,50,-24,59,48,-27,29,15,18,26,-25,21,13,-22,-39,36,-43,60,14,-47,-31,-3,-7,30,1,56,-2,32,9,11,-52,35,-20,51,-17,-49,46,16,-55,54,-41,5,-12,-19,-33
35,24,-43,-28,49,15,23,-58,53,42,-36,-29,-47,-39,-6,-31,21,-26,-34,55,-17,-38,-7,-2,-27,18,25,4,12,-46,16,-60,-48,19,-1,11,-56,22,14,57,-52,-10,3,59,-54,30,13,33,-5,-51,50,41,-9,45,-20,37,-40,8,-44,32
-58,41,17,-9,-54,-43,51,46,4,59,32,-22,28,15,-14,24,-3,-40,-34,-50,30,12,25,-16,-23,31,49,-13,35,-21,-26,-11,36,19,-29,-33,-42,-55,-57,18,-2,37,6,-56,-48,-8,-60,45,-27,20,-7,-53,52,5,38,44,39,1,-10,47
31,41,-11,13,27,-30,-60,-46,-57,-44,3,32,-4,55,40,-36,50,59,54,-28,33,26,-47,39,37,-22,-5,20,-56,6,-1,-12,-21,-43,49,16,-25,42,-24,-15,-2,-38,34,10,52,8,23,-51,-35,-17,48,-45,-58,-19,-14,29,9,53,-18,7
-43,-16,-35,-20,60,-54,29,9,-8,-17,-14,42,26,11,-52,2,10,-45,49,4,-33,31,-48,-47,-55,-13,-46,44,-7,-37,-22,-40,21,-58,3,-39,30,-41,36,32,38,-12,1,-28,18,27,24,23,-19,-56,-53,15,51,6,25,50,59,34,-57,-5
21,-17,-20,27,23,-41,29,57,-45,24,51,42,35,26,40,25,2,59,60,3,-1,-37,-5,-10,-16,-14,-4,-33,-7,-56,-58,54,28,50,-13,-47,22,-43,-52,-15,6,-12,38,-46,9,44,36,55,-53,-34,-11,39,49,-32,-48,30,-8,31,-18,-19
-38,24,-49,-44,60,-7,6,33,54,57,-47,40,48,58,35,27,39,-50,-26,-45,-23,-31,21,-2,32,19,-16,30,-52,-28,22,-25,-8,-51,-15,41,53,1,-17,-12,-36,-43,42,4,20,-56,11,-13,3,18,34,29,-37,-9,-59,46,-10,-14,55,-5
56,-13,-51,-27,-46,-41,-29,39,-10,9,-52,-22,2,-58,-59,21,-38,24,35,32,-16,12,-57,-18,-48,53,4,-33,7,-50,34,-20,28,-31,-19,54,-60,17,-8,55,6,44,-47,-42,-49,5,43,25,45,30,3,11,-26,-36,-40,-1,23,14,15,37
47,-55,-7,56,22,21,3,-36,-40,48,-39,-27,-37,-58,-41,-24,34,31,-60,23,-6,-5,-20,16,-50,33,12,29,-28,45,-18,-57,-26,-17,-52,8,13,51,11,9,15,46,-44,43,-30,-42,-1,-10,-59,25,-38,35,54,-53,2,-4,32,14,49,19
15,38,-58,-37,57,52,53,43,30,32,51,-21,36,59,-1,-39,-60,44,-42,-35,12,-56,-31,-33,26,-25,55,47,48,-9,23,-10,24,-50,20,-13,4,-2,16,-41,40,19,-8,-18,49,54,-28,-29,-45,34,-11,-6,-7,-46,-27,22,-5,3,-14,17
55,-57,9,-11,14,13,42,-45,-3,30,4,-52,-6,-5,47,21,41,-36,-34,-48,-16,23,-22,27,-56,50,-24,31,59,-10,-28,38,54,19,-44,18,51,-32,60,58,-17,-7,46,35,8,-43,-15,20,-53,-26,-37,12,49,-33,-1,25,2,-40,-29,-39
26,-60,-53,-25,-34,-12,-16,-39,-22,-13,17,6,10,36,44,7,-11,-55,-21,-29,19,9,30,35,4,-1,-38,-33,20,-23,-40,-59,28,5,-24,-14,43,27,8,31,-45,-54,-37,-15,41,58,52,-56,50,-49,-57,-47,3,42,18,48,51,-46,32,2
15,13,27,37,43,42,-49,26,-46,-57,35,60,-2,31,-1,-39,23,45,-22,-50,41,19,-17,-32,-34,-8,-3,59,52,-33,-14,24,30,25,-11,44,-4,-48,16,-47,-21,-6,-5,-36,-18,9,40,38,7,20,-53,-29,51,55,-54,58,10,-56,-28,-12
-24,8,-17,-12,-35,-52,27,-2,-57,58,-16,4,-25,-47,45,11,3,-51,-60,-40,42,-28,-38,1,13,32,-7,22,59,48,53,-26,-55,44,5,43,-50,23,56,20,54,-21,-36,-34,-15,49,14,-30,-46,37,18,6,-31,-41,33,-39,9,-10,-29,19
-47,-34,60,57,29,11,28,56,55,-39,-6,-25,-48,19,35,42,31,27,-14,24,40,-54,38,-20,12,58,-18,-7,-5,32,-17,-30,-45,2,-15,46,-44,-23,10,-21,43,-16,-41,37,33,-36,1,13,51,-52,-49,50,59,22,-9,-8,-4,-26,-53,-3
-9,23,58,57,-42,15,-31,-38,1,30,54,-26,-37,-19,-6,39,-59,-45,14,53,-24,34,-2,21,44,12,-51,-36,52,-10,7,56,-48,-22,47,28,13,8,-16,-55,49,5,50,-25,18,-60,-35,33,-41,-43,27,-29,-20,-11,40,-32,-4,-3,17,46
-53,-44,41,36,-56,-55,35,-22,-14,-19,51,16,-54,9,21,-12,50,-47,10,26,-15,8,25,45,-23,-20,-30,-59,40,27,42,34,38,-32,-7,-4,-49,-33,52,-29,-3,-31,46,2,-24,-43,18,-58,37,-17,-11,-39,1,13,6,5,60,48,28,-57
-47,25,-58,-21,-40,-37,-9,13,7,-26,-45,43,-8,42,53,-27,-22,-41,-38,-30,4,17,44,33,-2,10,16,-59,35,20,34,-49,-24,-31,-29,46,6,19,57,5,18,-14,-12,-23,11,-36,1,52,32,-60,-56,-48,-15,-55,54,51,-39,3,28,50
13,-52,-34,-55,-26,42,-25,-15,59,-37,19,27,-1,-47,8,-29,44,-51,-11,-23,-36,-50,20,35,7,5,-12,53,16,-40,-41,48,-57,3,-24,21,10,-54,45,30,31,-6,56,-17,-39,60,14,-32,-58,22,18,2,-28,38,4,-43,33,49,-9,-46
-35,-38,-43,48,-55,-28,-10,-27,-41,7,12,-11,-40,51,60,22,-39,30,-33,53,37,-16,34,-29,-49,56,8,6,24,-18,54,57,19,-23,1,45,-21,2,17,13,9,52,3,50,-36,-59,-58,-4,25,-44,-14,-42,-20,-31,5,-26,-32,47,46,-15
-29,23,-13,7,10,-18,-4,-28,-20,-5,53,43,3,-42,-44,45,31,6,38,9,55,-51,-2,-34,58,-41,-37,8,1,-39,-17,56,-40,24,50,47,27,-19,30,33,26,14,-12,15,-16,-49,-36,60,46,-35,22,-54,-11,52,-21,-32,59,-25,-57,-48
-59,-49,41,37,31,26,-20,-12,-51,-57,-33,8,48,42,-36,18,55,-16,54,7,-52,29,-30,-28,45,-6,-43,24,-22,23,-5,-60,11,50,47,15,-4,-53,56,-46,-3,-14,27,-58,-25,40,-35,-13,2,-34,9,21,38,-19,-17,-39,10,44,1,32
-52,-41,5,-55,-3,26,-28,-39,-35,11,-10,-25,-27,-29,33,20,57,36,47,-16,-22,21,-32,-51,12,-6,13,7,14,53,48,23,-15,-45,9,-18,54,44,8,42,2,-40,-59,-38,34,-58,-19,-31,-50,49,24,1,-30,-37,4,-60,-17,46,43,56
-20,3,-2,34,-56,44,-57,53,-55,46,-47,18,-52,45,32,38,-43,-12,-41,1,-39,-42,-33,50,-54,-35,40,60,-30,29,51,-15,23,-4,26,-49,58,-16,21,-27,19,22,17,-6,-14,-10,11,59,36,-24,-31,13,-8,25,9,5,7,-37,-48,-28
-5,-23,14,13,1,-27,44,-51,47,35,-21,22,-4,-3,-19,-50,-32,-54,15,-59,11,-12,2,-48,40,39,6,41,-42,-53,-38,17,-52,-60,-10,-45,-43,31,-26,-25,-28,29,37,-7,36,57,-9,24,56,16,8,33,30,18,58,-49,-46,-55,20,34
46,54,13,48,45,52,-32,-40,37,-57,-30,-23,-3,38,27,-50,-28,-42,-21,-41,19,24,12,-22,-56,60,-15,17,55,11,36,7,58,-43,47,-31,-9,-14,59,8,20,18,34,-51,-5,-1,-35,-4,53,16,44,-6,-49,-2,-29,25,10,-33,-39,-26
-51,15,-5,-18,3,-16,-23,-28,14,60,59,-39,-22,-9,-2,6,-54,4,-32,-44,46,13,7,-27,37,-58,24,8,-30,29,-52,19,-40,-42,-45,-47,-25,53,12,33,-57,34,49,20,35,-21,36,-50,-43,48,1,31,-38,17,56,-55,41,26,-11,-10
39,56,14,-21,30,34,24,-36,-53,55,54,-51,-52,-3,47,-38,-32,59,-23,57,4,-43,19,-7,42,27,-26,-46,44,-5,45,17,-35,-6,33,8,50,16,-1,-41,40,-25,22,-29,-31,28,-15,-49,48,-37,12,13,9,-11,-10,-2,-20,-60,-18,58
20,33,-56,35,-52,8,-23,-6,50,-39,-53,46,-55,42,-58,-48,31,-60,-41,-1,24,-51,7,-21,-43,-38,-36,29,-28,-47,-17,40,-2,-37,-4,27,34,26,10,-32,19,-14,25,59,-49,-12,30,16,45,-9,22,5,11,57,13,3,-54,15,-44,18
-58,42,-45,-19,-33,-31,12,39,-60,28,-16,-7,37,-36,51,11,-55,54,4,56,-48,-35,-34,-52,29,-38,-44,-10,-25,40,6,53,5,23,22,14,-13,26,-8,-30,43,-2,-41,27,3,-49,-57,21,46,59,-15,24,-32,-18,17,-20,47,1,-50,9
-2,1,9,-50,7,-45,-5,23,-3,49,34,14,40,-12,-60,58,-19,-52,17,47,35,54,-8,43,36,-31,33,53,38,46,26,41,-27,-11,-21,-25,42,-29,48,-13,-32,-37,-24,57,6,-30,-20,-39,-10,4,-56,18,-28,-22,-59,51,-44,-16,55,15
-53,-13,11,-47,12,59,-25,-57,-48,34,-3,-5,2,45,56,-39,60,46,-24,22,35,-20,-30,19,7,43,36,40,58,23,38,51,37,-10,-21,-27,-33,-31,16,-28,-50,55,-26,-52,-14,-18,4,9,-54,41,-32,44,1,49,-42,-15,8,-29,-6,-17
-10,-26,-31,44,-58,-30,-54,34,-11,1,9,-50,29,-37,-33,-59,-53,-19,18,27,-36,-47,-48,-56,38,2,-20,49,-13,6,3,-57,15,-8,45,21,14,-25,41,-43,-39,52,40,-4,-35,-60,22,23,-28,12,-55,-42,17,7,51,24,32,5,16,46
-39,-3,2,54,53,-8,37,6,-17,-12,33,10,36,-29,-58,-51,9,-40,35,-47,46,44,42,-28,59,56,50,24,14,-48,-57,-43,-11,49,-19,-13,-7,41,1,18,-38,-23,32,-22,60,-21,20,30,-34,-27,16,55,-5,-4,-52,-26,31,15,-25,-45
52,21,8,15,-36,46,12,-3,23,25,34,-7,-50,31,-4,39,48,58,-20,19,-2,-60,-9,-26,-10,24,38,-56,42,53,-14,44,-45,-11,-54,5,57,-27,-16,-55,-43,-29,41,-32,33,-6,49,-17,-47,13,59,-1,-30,35,40,28,-37,-18,-51,22
-25,-26,-13,-55,49,59,9,-24,-7,-18,-28,21,3,-47,-42,29,38,10,27,-45,-12,-56,51,8,1,2,-19,11,-16,58,-46,-54,-52,-44,-60,43,40,-17,41,-37,-39,15,-36,34,20,31,14,-57,-5,-53,-23,33,50,32,4,22,48,-30,-6,35
12,-34,44,-20,11,-36,-50,-33,-45,-40,-5,-1,-14,13,-30,-37,43,-19,18,4,-60,38,-28,-31,35,46,48,23,47,15,24,-39,8,2,-25,6,16,-22,32,10,-56,-51,-17,-3,9,-26,-29,-27,55,7,42,-54,57,52,-49,41,-53,59,-58,21
-11,-10,-34,31,41,19,-42,-17,53,2,1,21,-48,-24,-30,-52,8,60,-6,-44,-12,49,-39,14,51,-37,46,-59,-57,15,-4,-56,-43,3,54,40,26,-47,23,-36,-5,7,33,20,-55,-27,38,13,-22,-58,-25,16,-9,-35,45,32,29,50,28,-18
-41,20,30,51,26,37,38,-60,46,-49,-56,-52,22,-42,-57,36,-18,17,-24,-2,-23,-13,21,19,31,-5,45,-48,50,-3,-25,-53,-55,54,-59,-16,-6,-7,47,58,1,14,-44,43,-27,-9,-39,28,10,-29,-4,12,32,-34,33,11,15,-40,35,8
-55,39,24,11,-10,15,-51,-32,-59,5,-4,-52,-44,-38,-6,36,57,-21,50,-25,18,27,60,-3,20,-49,-22,-37,-47,-40,58,8,53,-56,48,-16,28,14,-2,30,45,46,-54,13,-41,-42,29,-35,26,-19,7,12,-33,43,1,34,-17,-31,9,-23
-35,-41,34,33,40,18,-16,31,-32,-15,53,56,-19,-52,10,7,-48,-6,13,47,22,-21,45,49,-29,-58,-44,-37,25,-36,-8,9,-4,-3,1,30,28,-51,57,-5,2,60,-46,27,-23,43,-20,17,-24,59,38,14,-11,-55,54,-12,-39,26,-50,-42
-24,42,55,35,-11,44,30,-54,10,-9,5,45,29,-40,-56,-23,-48,51,53,-25,60,-38,16,1,20,-49,41,-52,-13,-7,-46,-50,59,-39,-4,-37,36,22,34,14,-27,-2,-47,-6,-12,31,43,17,26,32,-18,28,-19,8,-3,15,58,-57,-33,-21
37,47,-56,-8,19,49,60,4,16,-36,17,25,50,18,52,-9,-11,-14,-5,-38,58,-42,-35,34,-12,45,-44,53,-32,-40,46,29,-39,-24,23,10,-1,20,33,30,-55,22,-54,27,-26,-31,-2,59,-6,-13,57,-15,-28,43,41,3,-51,-21,-48,-7
-43,50,8,-11,-16,17,-60,-3,-56,45,4,-20,34,19,54,5,-6,39,-14,12,-37,32,38,-46,-52,-30,-51,-31,41,26,28,-22,-48,-13,-59,47,21,-23,-18,-57,-29,55,1,49,-10,24,-36,33,-44,-2,27,25,58,-15,-42,9,40,-53,35,7
26,52,49,-12,55,-19,-38,58,-59,-13,25,4,10,-16,35,14,57,-50,6,-45,41,44,60,34,-11,-1,40,31,-43,47,-28,33,-32,-24,-15,-37,36,7,-53,-27,-21,46,29,-22,20,-42,-30,56,-3,18,-54,-2,39,51,-5,-48,-17,-8,9,-23
37,-52,-12,-15,40,54,-53,26,25,45,33,3,17,56,4,-24,-13,43,-44,31,23,-48,-21,16,-9,-8,-55,49,58,35,-20,47,-11,-39,-30,46,-1,57,34,-5,59,-51,-18,19,-10,-36,-32,22,-28,60,42,2,7,-6,27,-14,-38,-29,-41,-50
10,-34,-35,-53,39,11,-42,17,38,-1,-6,-54,56,-20,-46,-40,-8,31,-47,14,-30,-48,-59,-36,60,51,41,-37,33,21,-18,45,-29,2,3,24,28,-9,-5,16,-27,7,58,-50,-32,15,19,22,-52,44,-26,49,4,12,-57,-13,55,-43,23,-25
-42,-52,-38,41,-44,9,-47,-57,-6,40,-13,26,11,-48,-39,-46,51,35,-43,36,55,23,-22,54,-53,-12,31,37,-34,32,-27,-30,-60,29,-18,-20,-28,3,15,-10,-4,1,19,5,-49,16,7,14,45,56,-17,2,25,-24,-21,-50,8,59,-58,33
-38,-40,-43,-36,-57,-27,8,-7,-44,20,51,29,55,19,-56,52,-59,-47,-14,-10,-22,21,-37,30,39,60,6,35,-12,-24,-48,58,-49,41,-28,4,23,1,-25,2,-34,-54,3,9,53,-50,18,31,33,46,-11,-16,-45,42,-13,15,5,-32,17,-26
-18,-36,-39,-53,12,-24,-31,33,-41,59,47,-5,-37,50,48,-30,-23,1,-45,-25,34,58,17,6,20,49,-56,-42,-55,16,7,-51,-8,-21,44,2,13,40,3,-38,9,28,-52,-35,19,-60,-11,-15,-26,-14,32,43,4,-57,29,27,54,-22,-10,46
-52,-44,48,-15,8,27,40,-5,47,59,-23,-54,-39,33,4,28,30,29,57,32,-53,-34,11,42,-49,50,-6,-16,-18,-17,-43,-20,-14,22,-56,38,46,-36,13,-7,-55,-24,31,2,58,-37,-9,-3,25,-26,60,1,21,12,41,35,-19,-45,-10,-51
-3,49,1,-5,4,-8,18,6,50,30,-21,-60,-17,-38,-40,54,13,-7,31,55,11,-53,-56,-58,-29,-45,-28,27,25,-10,-19,47,52,39,-51,48,44,14,-34,15,-43,-46,41,-37,26,42,-32,-36,-2,-9,35,-33,22,-16,-20,23,59,24,-57,12
-35,14,4,-3,53,-49,-38,48,20,22,19,-44,-21,-2,-39,26,-58,-42,-11,-9,13,-10,-54,56,-43,-16,60,31,46,-57,-28,-33,32,50,1,-40,47,7,15,36,-52,18,25,12,51,-29,-37,-8,6,-34,-45,41,-5,23,-59,-24,30,17,55,-27
31,19,22,-60,-29,48,-15,9,-8,32,40,49,30,-42,7,-21,-45,51,-2,54,16,-3,-34,-33,57,58,59,47,5,-13,-1,-10,24,23,55,39,-38,37,-36,-11,53,14,50,-46,17,44,-28,-6,-12,-43,-18,56,-41,-20,-35,-52,-25,-26,-27,4
7,-14,19,-13,36,17,-1,37,26,12,-33,-10,4,2,-25,-41,-6,-51,-3,-42,55,-29,38,48,15,-9,-34,-60,22,-46,44,49,11,27,-58,-5,-8,-23,43,53,16,20,-39,-31,59,30,54,-24,-32,-56,18,-57,-40,-47,-21,50,52,35,-45,28
-57,34,46,15,25,-8,58,6,-48,47,-33,16,-27,39,-4,-12,55,-41,-26,-44,59,-54,-40,42,-5,19,13,-31,-32,45,28,29,11,-2,-53,60,49,-50,-14,23,18,-24,-52,20,-30,-3,-10,9,-37,38,-56,43,35,22,-17,51,1,-7,-21,-36
32,57,60,-21,55,-26,-17,50,-34,35,-16,-13,12,-43,51,11,7,-29,58,-40,4,42,-30,36,47,6,-52,41,18,23,-53,-1,37,9,-10,-24,-33,59,-44,20,-28,-22,14,39,-56,54,-25,49,-48,-8,-15,27,31,-46,-5,45,-2,-19,-38,-3
-30,-33,-5,-49,3,40,-22,-48,-43,-14,34,57,45,10,52,46,32,50,-35,-27,-24,7,42,21,37,56,20,-36,39,1,55,-17,2,-11,19,28,-25,-60,-29,-6,-47,-23,9,59,-13,-16,41,8,4,-18,58,-15,-54,53,-31,-26,-12,-51,-44,38
8,57,31,-60,18,-48,-59,-1,39,50,30,52,19,45,-21,26,-20,-5,-13,17,15,37,-47,-55,-56,-16,-54,42,-49,-11,-3,-53,-34,33,-43,-38,-22,36,-9,-58,44,-28,35,-41,-14,51,23,6,29,-10,-46,-12,32,27,24,25,-2,40,7,4
16,-7,41,37,-46,26,2,-27,-35,29,44,59,-55,-25,-20,-1,-23,-30,22,15,42,-19,17,-60,14,-6,8,-38,-10,18,48,36,-52,50,9,-32,-4,28,-45,43,-3,-21,-40,-11,39,5,-49,-31,47,-34,58,33,-56,-57,13,53,54,-51,-12,24
-31,39,-60,-23,8,-13,-53,-5,25,30,12,-11,6,-41,52,-32,-34,20,-38,-18,-45,28,4,47,-9,-29,-59,-22,26,-10,1,16,-50,17,-43,56,-57,19,-2,42,14,-40,35,-58,21,-49,-24,-54,46,33,55,-15,7,48,-51,-36,37,44,27,3
47,-10,-60,-11,-12,15,46,-33,-13,2,4,5,9,-44,-6,-53,48,19,-18,56,26,40,-51,-43,-32,-21,38,37,-36,52,55,25,8,49,-57,29,-28,-27,-42,-22,54,39,24,14,-59,-7,-1,-17,-34,58,23,-30,16,-41,-31,-20,35,-50,45,3
-43,50,31,44,47,16,8,-7,-23,-30,25,-13,12,22,-34,-6,-41,57,24,56,-55,-14,9,-19,-11,42,-35,-32,58,10,-3,28,-60,15,27,46,40,-48,49,-37,17,-26,1,-4,59,-36,-5,38,-39,-2,-52,51,54,-53,21,-20,-18,-29,-45,33
-30,8,49,54,-16,59,20,-2,-10,9,29,-57,56,18,-17,5,15,-14,-34,-7,25,38,24,-23,-21,-41,42,-51,-11,1,-58,43,52,19,60,50,45,-22,-44,-53,26,-27,-32,39,-37,55,-48,47,-3,-36,28,-33,40,-4,-46,-13,12,31,-6,-35
-22,25,11,-18,-57,15,-31,-24,46,-35,-3,34,47,20,-6,-39,30,4,-53,-14,27,1,29,8,-2,43,-21,-51,-23,-17,7,-42,-60,-12,10,-54,40,-44,16,-37,-45,32,-26,38,41,-9,-13,-49,48,-58,28,-59,19,36,56,-55,5,50,52,33
-51,-38,-19,13,28,52,-32,-54,20,-42,-16,-37,-4,-29,-39,11,-55,-40,3,-9,-25,-48,-34,-36,21,59,31,-5,14,-43,-27,7,50,23,57,24,12,2,15,18,46,10,30,-58,-56,-41,49,22,-47,-33,1,-6,-60,8,17,45,-35,44,-26,53
37,-38,-12,-29,-58,-18,-14,25,43,23,-44,3,52,7,-35,27,45,6,21,36,-19,41,-10,-49,-8,34,-16,30,4,-28,-55,-50,-57,-26,15,-20,-1,2,46,-53,-22,54,-9,11,-17,-39,56,-59,24,32,60,-13,40,-42,31,-47,33,5,48,-51
-32,-31,-7,-19,-39,-29,3,54,-20,46,27,58,-55,-33,-52,42,-30,-59,4,9,47,49,37,35,-38,40,-11,36,6,17,2,1,14,44,-24,-28,-23,25,5,-26,-43,-16,41,-34,48,-10,-21,-45,-22,-51,50,15,-60,-8,13,57,-56,-12,18,53
-59,27,8,31,-12,7,-6,-3,37,24,48,5,-56,21,-34,57,-23,50,54,55,-14,40,17,-10,46,-35,-2,-52,39,41,-4,-44,-38,15,26,-42,-9,33,-29,-22,-30,36,-47,32,-53,-25,43,-11,-58,-18,60,28,45,-19,-20,13,-16,49,1,-51
2,-1,-13,-24,-29,15,-22,-17,-48,-20,47,31,3,-32,-6,51,8,-21,41,10,18,7,60,4,-56,-49,58,34,5,-37,-12,14,-45,-28,42,-44,30,-50,57,-59,-19,-35,54,36,33,52,-11,9,26,38,-16,-46,-55,-43,53,25,-39,-27,40,-23
-11,-43,-57,49,-35,56,-55,-24,-48,53,1,-51,-38,32,-41,39,-18,17,-58,59,-23,-44,21,8,-46,-45,42,31,-37,-36,-28,-14,52,-40,5,30,29,13,-16,34,15,-27,2,22,26,25,54,9,-4,60,12,-33,-10,-47,7,-6,3,19,-20,-50
57,33,-18,42,53,13,37,-22,-45,-25,58,44,-6,38,-20,51,-27,3,43,15,49,8,36,32,10,-60,17,50,-59,41,47,-24,-2,-39,-46,-23,-7,-14,34,-54,-30,-4,-19,-12,9,35,-31,-55,-21,-28,-16,56,-5,40,48,-52,-1,-11,29,26
-35,49,54,24,-9,-32,-23,-25,5,53,29,-45,-19,22,33,-51,-55,-28,13,60,-48,-14,7,-4,8,-58,-36,18,-11,-46,41,6,-15,43,1,27,57,-50,-47,44,-31,59,-34,-40,12,30,39,21,-2,38,16,-56,-10,-3,17,52,-37,26,-42,-20
7,26,34,54,-36,29,-1,32,-48,-43,23,-46,55,-21,-35,57,24,-39,-45,-53,14,-42,-11,-17,52,-2,47,-60,-6,58,41,-8,59,-3,15,5,-40,49,18,37,-31,22,10,-50,19,12,-27,9,-38,44,56,-25,20,-4,-13,-51,-16,-30,-33,28
54,44,-39,16,57,49,-55,-60,36,32,-22,-45,41,-42,28,-4,-18,17,20,-19,40,11,30,-29,-53,38,-43,-15,24,-23,-51,-10,-59,-58,37,-9,-35,-26,3,-21,-13,14,27,-2,12,52,-50,-56,-6,47,31,-46,25,-1,7,48,-5,34,33,8
-33,-29,-31,9,-21,56,-48,-35,-4,27,55,44,20,-18,47,23,28,14,-59,-13,5,-45,-16,39,52,37,-10,-17,2,-46,3,36,1,50,8,-32,-26,-60,-24,42,53,-40,57,-12,22,30,-15,7,54,-34,58,-25,-41,-49,-11,-6,-43,-51,19,38
44,15,47,39,59,-17,60,57,32,16,20,36,40,-28,-2,-10,6,-50,43,-11,26,25,27,53,-22,-21,-23,14,45,52,46,-9,49,-41,-55,-12,38,-37,-4,-13,34,54,-19,-1,-29,-31,-3,58,-33,18,56,-30,-24,-42,35,-51,-8,-48,-5,-7
41,-34,-47,-54,39,-37,-42,-15,36,-25,-26,-32,46,-29,8,-44,27,20,-49,-18,-24,50,-45,21,10,11,-17,-60,14,-51,-35,12,56,2,31,-9,6,59,-5,53,-1,7,57,16,23,-13,3,52,19,-22,30,-48,-40,4,-58,-33,-43,55,-38,28
-4,-29,43,1,50,-42,34,47,23,25,18,-32,28,-57,56,53,36,-11,26,35,51,58,-9,-30,-10,-19,-48,-13,2,24,-52,12,-55,-7,-20,-17,39,-59,-37,45,-46,6,-3,-54,-40,41,-8,27,-60,-5,-21,31,-16,44,33,-15,14,-22,38,49
-3,-41,1,-5,4,-8,-60,6,34,-39,40,-44,-54,-23,58,28,42,36,-53,-57,-45,32,14,-48,-55,51,37,-16,-31,-52,29,-22,46,-9,-47,-18,-27,-50,10,-11,2,-17,49,12,21,-33,35,24,-43,38,-26,30,19,13,25,-59,20,-15,56,7
20,6,-38,23,-21,-2,8,-7,41,32,-36,-15,-45,57,12,-28,-53,51,-33,-1,5,-47,-4,-42,31,29,-44,16,-26,-49,-25,-10,19,43,-54,11,60,3,55,48,-9,24,-34,27,13,58,22,-40,30,59,-18,56,17,35,-39,-52,-14,-46,-50,-37
5,31,-35,-15,-1,-52,28,58,38,29,-34,-45,20,49,4,-18,-56,16,-26,-13,-30,46,-36,-32,-51,19,-57,-7,-10,21,-2,24,-48,11,3,23,39,-9,-37,43,-47,-44,-40,42,12,-22,41,33,-14,-53,25,6,50,-60,59,17,27,-8,-55,54
28,30,-22,-32,-57,9,-12,38,-6,-48,-23,7,42,20,44,-58,19,-41,-17,-14,35,3,11,-37,40,45,39,-1,-51,-2,46,4,49,-59,-21,55,24,-8,-27,-25,18,-13,56,-15,-26,-31,-54,10,-33,52,29,-50,-60,47,-36,-43,5,16,34,53
-16,34,-10,-42,22,52,-13,-14,-56,3,28,-55,7,8,36,1,37,-21,58,59,18,-5,-25,-40,23,33,60,-11,-39,-47,-57,-45,-26,-2,44,-15,-17,-53,29,24,48,4,-46,-35,32,43,30,-41,-51,-54,49,-6,38,50,12,9,31,-19,-20,-27
-54,-9,-59,-23,34,-10,24,-58,2,6,-21,-49,52,47,-18,-57,-36,15,-28,-38,11,-31,4,-7,44,-60,-53,19,48,-41,22,46,-43,-5,51,17,-56,20,45,-50,30,55,33,-25,-39,-32,-14,-29,12,40,-35,-13,27,1,-42,37,16,8,3,26
-13,16,15,-23,12,9,-31,50,-6,37,-34,-5,1,-35,-3,-2,-28,-45,-55,46,-25,-33,4,-39,21,48,44,17,-47,-58,7,52,22,11,14,60,-10,57,24,-54,-43,59,41,-27,18,-20,29,-26,56,-8,-53,-32,51,40,19,-49,-38,30,-42,-36
57,-12,-52,-50,29,56,-48,24,59,46,-14,2,45,11,17,20,-15,27,-25,-16,-60,40,28,-8,19,-53,-18,-23,-5,33,-49,41,-30,36,-39,-34,-42,-47,35,-22,-32,37,55,-58,-13,-10,38,7,31,4,54,3,26,-51,-43,-6,-1,44,-9,21
20,-24,-43,-29,-8,42,12,5,-17,-56,-13,-7,11,51,-23,-19,9,-58,16,-1,22,-21,15,2,-33,-46,-53,-39,4,32,48,-30,25,35,-34,-59,45,50,28,49,54,-6,3,-52,-37,26,-57,-31,-40,-38,-14,44,27,-41,-60,10,47,18,36,55
-36,-57,-6,-24,-19,3,-26,-37,-12,17,-27,9,56,-51,41,-44,-10,-39,5,38,-33,-32,31,4,-29,7,11,-53,25,-42,-23,22,21,-58,59,1,8,-20,18,-54,-15,30,-47,16,-49,-50,43,-52,45,46,14,48,28,40,-60,-13,2,34,-35,55
22,14,-5,51,3,-58,18,16,-17,38,-47,-26,-20,-2,42,-8,9,-7,37,13,60,-1,32,30,-45,12,-50,-59,34,-24,57,-23,-56,-29,-43,-53,-19,-10,-40,39,-44,-15,35,41,25,-48,11,46,-55,27,-4,-54,36,52,49,33,-31,6,28,-21
17,-16,9,-18,29,-10,11,41,-3,6,-7,-28,59,25,-54,2,-1,4,35,56,45,-39,-27,47,-14,34,23,12,-5,53,44,40,50,-26,-19,-52,55,-49,22,-32,-8,-46,-51,-31,-21,42,-24,-57,38,-33,43,36,-30,15,-37,-20,48,-60,-13,58
23,-16,28,-52,32,27,57,46,-22,-43,13,-41,-11,48,-20,2,19,25,-17,15,-56,9,-1,51,-18,-44,-6,-3,35,31,-30,-5,-40,-38,-29,47,39,34,-37,33,12,58,10,26,-53,-8,-36,-14,-55,60,-24,4,45,-59,49,21,-7,-42,54,-50
-58,7,9,25,54,-10,-2,55,-3,6,17,-31,59,18,-29,-22,-11,-14,30,-27,-43,16,51,-41,-4,50,20,42,15,-19,12,45,-49,39,46,-47,-53,-56,-34,48,24,-28,21,52,-32,-35,36,-40,33,-26,-23,-44,37,-5,-8,38,60,1,-13,-57
14,-54,-48,-52,-13,21,40,53,24,42,47,-34,5,-1,-51,59,43,-20,35,18,-6,37,-26,-9,-29,23,-36,-46,25,38,-32,31,-50,12,-19,27,-22,-30,60,-7,58,-10,-17,-57,-56,28,-11,3,-55,33,15,4,-8,2,49,45,44,-41,-16,-39
19,-24,-46,56,11,-41,-29,23,-30,27,-5,-25,31,-44,20,38,-43,-36,-1,-15,-32,-37,-8,2,12,-35,-10,42,7,9,-13,21,-55,54,26,18,22,-16,48,50,6,-28,17,14,49,3,-57,-39,-45,-40,-59,60,-58,-34,33,-4,47,53,51,-52
32,11,-23,40,26,38,-54,-20,-17,51,-2,-58,-57,-39,49,31,9,-36,-30,8,43,33,3,47,60,-5,-46,34,53,19,-16,-1,-22,-28,-45,18,-52,-6,14,-4,-42,41,-21,59,35,27,-24,-55,-15,-56,-10,37,-29,7,48,50,13,12,-44,-25
43,59,17,-52,53,54,-58,44,-33,18,-13,-36,11,15,-14,21,-3,-10,27,25,-16,26,-42,-37,-20,-22,-19,46,-60,-49,-47,39,9,-41,-48,12,24,50,-32,-51,34,23,-1,-8,55,-28,31,35,30,-38,40,4,-5,-6,-45,57,-56,7,-2,29
27,-41,54,19,-40,-45,18,-34,-30,-51,-29,-21,22,-57,59,-43,58,-7,-4,37,12,-13,-49,28,-48,-60,-1,-24,11,9,46,-44,-47,8,55,-38,-20,36,50,5,2,-52,16,32,6,-31,33,25,23,-39,10,42,-56,-3,-35,53,14,-17,-15,26
15,32,-22,52,-26,31,-44,-27,-11,-13,9,49,10,40,-1,-29,33,58,-60,57,-23,3,21,-54,-36,5,8,-37,16,47,-6,-2,-17,48,43,25,28,-41,51,-14,38,-59,-35,7,53,-56,-30,-34,-12,55,-39,-4,-45,24,-50,46,-20,-18,42,19
-54,-40,56,-53,44,45,46,23,41,48,-19,32,-22,27,-39,58,-49,29,11,-50,-37,13,-8,33,-59,43,-14,42,-18,36,-51,-12,-24,38,52,-30,21,-34,15,2,-9,-28,-26,-5,-6,-7,60,-10,17,20,31,-35,4,1,-57,-3,55,-16,25,-47
-46,-55,50,-38,-41,12,-58,-34,-32,37,53,-6,-54,-18,17,-35,-15,14,-25,-60,-51,-59,40,-48,19,-57,47,-36,-33,-31,30,9,29,8,16,28,-10,4,-49,-23,5,56,44,-43,52,1,-27,24,39,-3,21,-45,-11,13,2,-42,26,7,22,20
-53,-13,-46,26,9,-19,-35,36,-5,14,-58,42,2,-10,-49,39,48,-43,6,-41,29,28,-31,-55,30,-4,34,-22,-21,-25,23,47,57,-27,7,-8,-50,-59,-16,-56,20,-12,18,-45,44,3,-32,-17,15,37,-54,-60,1,51,24,40,-33,11,38,52
30,-21,-47,41,20,-39,-58,50,51,28,40,48,-60,-31,-55,22,52,-29,-35,-5,2,-16,36,49,57,-37,-59,-10,18,-1,14,45,-53,56,19,-23,26,-43,6,-11,-4,46,38,54,-32,-42,3,-12,-24,-8,-9,-17,33,-44,15,-34,-25,7,27,13
58,47,27,60,24,13,17,-31,-57,-53,-44,18,-6,-42,-21,-48,-7,-12,-43,29,15,-46,45,-5,33,28,-3,-26,-20,59,8,34,-25,-32,-36,35,-52,51,-50,-56,-55,14,19,11,-23,22,-2,16,54,39,-38,37,10,-49,41,40,9,-1,-30,-4
23,-26,33,44,50,19,-35,46,-34,32,-40,-52,-57,31,-58,-60,22,-43,-6,-21,20,-17,-1,-51,-27,2,25,56,-49,39,-14,-10,-3,9,7,-53,-45,48,-30,11,-59,-55,18,-4,37,-8,-54,-38,29,-5,24,12,36,47,42,-28,13,15,41,16
-41,-51,-53,-10,-13,57,48,-24,60,4,-38,34,5,-33,-31,45,-49,42,36,-46,-39,52,-50,8,-27,-37,25,-35,59,43,15,40,14,-12,28,-19,26,11,21,-32,1,-18,-30,54,-16,20,-56,-7,17,23,2,-22,3,-44,58,47,-6,-55,-29,-9
35,-42,-50,-37,49,-52,16,-40,-51,-19,-33,-39,29,-60,22,-7,-56,25,10,58,-24,-15,-45,21,-18,-34,59,-57,-13,55,46,44,11,26,-1,48,4,-41,12,8,38,2,47,-32,23,-31,-43,-36,-5,3,9,6,-54,53,-30,17,28,-20,-27,14
59,35,-42,-50,-30,-33,53,-56,-38,-60,-34,37,24,49,-43,-27,-44,-39,54,26,45,-48,58,-13,36,-20,16,-51,52,5,-46,57,6,11,-2,-25,-12,9,18,-55,-47,3,15,17,-21,31,41,22,-14,4,28,-29,-7,-19,40,8,-32,-23,-1,10
-55,34,-51,-43,-14,60,25,-37,-20,24,-46,45,-21,5,-50,-53,-40,39,-42,9,13,-26,-44,-10,-7,22,56,-33,30,-29,-36,54,28,-2,49,31,8,47,-18,17,-59,19,4,23,-12,11,-38,-52,-35,15,3,48,16,-32,1,-27,-58,57,41,-6
