26,-28,-25,-22,-8,-10,-29,5,-15,6,18,21,20,-23,9,-17,16,-11,24,-13,-12,4,14,-19,3,-1,30,2,7,-27
23,-4,-9,2,13,27,18,11,3,26,-8,-24,-5,-28,-22,-20,-30,-7,-21,16,19,15,-1,12,29,-10,-6,14,-25,17
-4,-23,17,1,18,-15,-14,-27,22,-13,-30,16,10,7,6,-12,-3,-5,-29,21,-20,-9,2,-26,28,24,8,-25,19,11
19,26,10,21,-24,22,20,-9,8,-3,15,-23,-16,29,-11,13,-27,25,-1,-7,-4,-6,12,5,-18,-2,17,30,-14,-28
27,11,-30,-16,20,-24,29,22,-17,12,-2,-10,28,-25,-18,4,9,15,23,-5,26,-8,-19,6,14,-21,-1,-13,-7,3
-17,-26,27,14,-19,-28,-8,7,10,-9,-13,-30,11,-4,16,-15,1,-25,5,29,-24,23,-22,21,18,2,-3,6,-20,12
-26,-6,28,-18,-9,2,-30,-12,5,13,21,8,-10,-22,-27,-23,19,4,-17,25,-11,14,16,-29,-20,1,15,-3,24,7
-28,18,-15,-24,27,17,11,19,26,22,-7,-14,30,12,3,25,-6,-2,-8,-29,-23,-10,21,4,-16,-9,-5,1,20,-13
15,3,-2,9,10,-21,19,16,-4,-5,-28,-13,12,-29,-1,-8,27,23,-7,-26,6,30,-18,-25,24,20,-17,11,14,-22
-3,-18,1,-20,-14,25,-9,-26,7,-12,-21,10,17,5,27,-19,-13,2,16,4,11,29,28,-30,-6,8,-15,-23,-22,24
-2,1,-27,-19,22,-12,13,-16,14,-20,23,6,-7,-9,-30,8,21,-29,4,10,-17,-5,-11,28,26,-25,3,-24,18,15
24,7,26,27,-11,-29,-2,21,-23,17,5,-20,22,19,-16,15,-10,-30,-14,12,-8,-13,9,-1,-28,-3,-4,25,6,18
11,-24,23,-7,28,-26,4,-10,25,8,-1,-29,-19,-17,22,-18,14,16,13,-27,30,-15,-3,2,-9,6,20,-5,12,-21
-6,-30,-4,3,7,1,-5,26,-24,-23,-12,11,-20,-16,29,14,28,19,-18,13,-25,27,10,9,21,-8,-22,-17,-15,2
-13,6,-16,-29,-23,-2,17,-21,15,14,20,30,1,-10,-9,3,-7,-24,28,-11,8,25,5,18,-22,-27,26,-19,4,-12
8,-29,13,18,15,23,21,-1,-10,9,12,-11,-3,20,-5,17,-16,-4,27,-14,-7,-26,-6,-28,30,22,-19,24,2,-25
28,5,-21,-15,-2,-20,-24,14,-27,-11,10,19,-30,-8,4,-26,25,22,-12,6,3,-18,29,7,-17,16,9,-1,-23,13
-25,23,18,-5,4,-27,-10,28,21,7,-29,17,24,-26,19,-30,-12,-3,-15,22,-9,-20,-2,-13,1,14,6,-8,11,16
-20,-5,6,30,2,-3,-28,-22,27,-29,14,-25,-15,-11,13,26,-23,-21,-24,1,18,8,17,19,12,-16,-9,7,10,-4
16,-19,29,-23,-30,24,26,17,11,15,-9,20,25,22,-10,-1,-8,27,2,-12,-28,-14,4,-6,-13,-7,-18,21,-3,5
18,-16,-13,-14,9,21,30,20,-5,-19,26,29,3,4,-28,2,24,-1,10,-8,-6,-27,25,-17,-23,-11,22,15,-12,-7
-7,28,-29,-6,-27,4,1,-24,-14,-18,-15,-26,-25,9,11,-21,22,10,-20,19,16,-17,-30,8,13,12,5,-2,3,23
3,12,-1,8,6,-5,-22,-4,17,29,-20,-2,19,-21,-24,-27,-9,26,-13,11,14,7,-25,15,23,-18,16,-30,-10,28
13,-8,5,16,-3,7,-6,2,-18,-30,-14,-15,-1,11,12,-4,-19,9,17,-24,-26,-23,22,20,-29,21,-28,27,25,10
-27,10,24,22,23,-16,14,25,-12,-2,30,9,-21,-7,18,6,29,-15,-26,-28,13,-4,-5,-3,-8,19,1,20,-17,-11
-29,-15,-7,-25,14,8,3,-6,20,27,-23,-18,-22,-5,2,30,-24,12,21,-9,-19,13,11,17,4,28,-10,-26,1,-16
22,-25,8,19,-12,-7,6,-3,-13,-28,24,5,9,30,-20,21,-18,17,-4,15,-16,-1,-27,-11,2,-29,23,10,26,-14
-23,16,-10,5,-4,15,-27,12,18,3,-26,-8,-28,-20,-6,-2,-22,-9,-30,14,29,17,1,25,-24,11,7,13,-21,19
20,-10,-26,-9,24,-22,-17,-18,4,2,16,28,27,21,25,-11,7,8,29,-1,-14,6,30,-5,-15,3,-13,-12,-19,-23
-24,8,-11,13,-25,-19,23,-2,12,18,3,-9,-4,17,-21,22,-14,-10,6,27,15,-16,-7,1,5,-30,-20,-29,28,26
5,25,15,-21,-1,10,8,-7,-22,-6,19,24,-26,-27,-3,23,-20,-28,-11,17,4,9,-16,-12,-2,13,14,18,-30,29
10,-17,12,29,-18,-23,15,27,30,-1,-25,-3,16,24,-7,-13,2,5,20,-19,-22,21,6,-14,11,-28,-8,26,-4,-9
-15,30,-18,17,12,16,-26,24,-20,21,28,-5,-29,23,1,-6,-4,3,-22,9,-10,19,-14,-8,27,7,-25,-11,13,-2
25,9,22,-12,-7,18,5,-19,-2,30,-24,4,-14,13,23,-28,-29,-6,8,-21,20,-3,-15,11,-1,27,-26,16,17,-10
7,21,-20,-11,-29,-30,-1,-13,-28,19,4,23,8,-15,14,24,26,-27,-10,3,-2,-25,-12,-16,22,-17,18,9,5,6
17,-13,-23,28,25,20,10,-30,29,-7,-22,27,2,16,-19,-14,-1,-26,15,-6,24,11,3,-21,-5,18,-12,-4,-9,8
-30,29,9,12,-22,-18,-16,13,-3,-14,-17,-4,-8,10,28,7,11,6,-25,26,-27,5,-24,23,19,-20,21,-15,-2,1
-9,19,-12,-26,11,14,22,18,1,-15,-5,3,21,-6,10,-25,30,-8,-2,24,-13,-7,27,-20,16,4,-23,29,-28,-17
-10,24,-22,23,-16,28,-20,-14,-26,1,13,18,-11,8,-17,5,15,-12,30,7,25,3,-4,-2,-21,9,-29,-6,27,-19
21,-3,2,-10,29,19,-23,-25,-30,4,17,-22,26,-18,24,20,-11,14,-6,-16,-1,12,7,-15,8,-13,28,-27,-5,9
9,27,16,11,-28,-14,-12,23,-1,-24,-4,7,-17,6,26,-3,13,20,22,-18,-29,-19,-8,10,-30,-15,-2,5,21,25
-22,15,-6,-17,-20,3,24,30,23,25,27,26,29,-19,-2,18,4,-16,14,5,28,1,-9,-7,-10,-12,-11,-21,-13,-8
30,-20,-14,25,21,-8,12,6,-11,-17,9,-7,-23,3,-26,28,10,-19,18,2,-5,24,13,-22,-4,15,29,-16,-27,-1
12,4,30,-2,26,-13,-25,-15,-16,23,-27,-1,6,-24,8,9,-21,29,-28,-22,17,20,-10,14,7,-5,11,19,-18,-3
-19,-11,7,-8,-21,9,-3,4,-6,-26,2,25,23,15,-14,-29,20,28,1,-17,5,-30,-13,27,-12,10,-24,-18,16,22
-21,-9,-8,26,-13,-11,16,3,2,24,6,-17,5,25,-23,-7,12,-22,-27,28,1,18,15,-10,-14,-4,19,-20,30,-29
4,-12,-17,-1,19,13,9,10,-7,-8,22,2,-6,26,-25,27,3,21,-5,-30,-18,-11,-28,29,15,-14,-16,23,-24,20
-5,22,14,-27,1,-9,-19,-20,6,16,-18,-21,-24,-3,30,-10,-28,11,7,8,12,-2,-29,13,-26,25,4,17,23,-15
-16,13,25,24,-6,5,-11,-17,-21,-27,7,-19,-2,-30,20,1,8,-23,12,-15,9,-28,18,-4,-3,29,10,22,-26,14
-12,-21,-5,15,3,29,27,-11,24,28,8,1,14,-13,-4,-22,-26,30,-23,-25,2,16,19,-9,20,17,-7,-10,-6,-18
6,-14,4,-3,17,-1,-13,9,-8,-16,-19,-28,7,2,-29,10,-5,-20,11,18,-30,26,24,-23,-27,-22,25,12,15,21
14,-22,19,20,30,11,-18,-29,28,-25,-6,-16,-27,-1,17,12,-15,7,-3,-4,23,2,-21,26,10,-24,13,-9,8,-5
-11,20,-28,-13,-10,30,-15,-23,-25,5,1,14,4,-12,7,29,18,-17,26,-2,27,-24,8,22,9,-19,-21,3,-16,-6
-14,-7,-19,-28,-26,12,2,29,16,20,25,-6,15,1,-13,-9,23,24,3,-10,22,-21,-17,-18,-11,5,-30,4,-8,27
-8,-27,21,6,-17,-4,28,1,13,-22,29,15,-9,18,-12,-24,5,-14,25,30,-3,10,26,16,-19,-23,2,-7,-11,-20
2,-1,11,7,16,26,-4,15,19,-21,-3,-27,-18,28,-8,-5,-25,13,-9,23,10,-29,-20,30,17,-6,12,-14,22,-24
-18,14,20,-30,8,-17,25,-5,-29,11,-10,13,-12,-2,21,19,6,1,-16,-3,-15,28,-26,-27,-7,23,24,-22,9,4
29,17,-24,10,-15,-25,-21,-28,-19,-4,-16,22,18,27,5,11,-2,-13,9,-23,7,-12,20,3,6,30,-14,8,-1,-26
