11,-9,21,-42,-38,-51,-43,-40,2,31,-1,-25,-20,35,41,-17,16,44,30,13,-3,52,-49,-26,12,24,56,-46,50,-19,-10,36,-34,33,-14,-32,-55,5,54,8,-15,4,7,-18,57,28,48,-47,23,-29,6,-22,-59,-39,37,-27,-45,-60,53,58
41,-29,-22,60,-53,-37,45,38,25,-15,27,24,-59,-54,10,23,-42,-30,-28,34,52,3,-16,-12,-9,55,-11,19,2,18,44,-46,35,-20,-33,-49,6,-8,-58,-47,-1,17,51,-31,-7,32,40,57,36,-56,-43,-21,5,14,-26,50,-48,39,13,-4
-48,-42,-20,-11,-59,-55,-46,33,17,34,4,-31,52,-60,23,40,-9,49,-43,3,51,45,-15,-36,-27,44,25,38,-30,29,12,-35,-8,-10,32,24,-54,-28,-56,-16,-47,2,19,-26,-22,7,41,1,-18,-58,-21,-13,-57,37,6,39,53,50,5,14
-56,54,29,18,-53,-8,48,6,49,-19,46,14,-32,-12,-59,57,27,-4,10,44,-58,-60,26,-38,36,-23,-17,52,-3,34,-55,13,-50,-30,-37,-25,35,24,47,43,51,45,-40,-20,-42,-11,-39,-7,-9,33,-41,-28,5,-2,31,1,-16,21,15,22
-20,8,-25,18,-10,60,43,-2,-48,5,32,33,-40,-59,26,23,30,-4,-56,1,-49,55,-16,54,3,-15,-45,51,36,-17,37,-11,-12,-42,39,-29,-31,52,-35,13,47,34,-7,-53,27,-50,-41,9,21,46,-28,-38,44,-24,-22,19,-58,57,14,-6
13,-38,55,50,-10,33,-24,17,-49,5,27,15,-1,31,-12,46,-8,34,21,58,-19,45,-29,7,59,-36,-11,-37,23,56,-14,51,-6,-18,-48,26,28,2,-47,43,54,-44,-40,42,-22,-16,39,35,9,-4,-32,57,-60,-41,-3,-30,-52,-20,-25,53
10,-18,25,-19,-38,-40,-54,22,53,-1,44,30,23,-50,-48,42,-46,2,4,59,26,-8,-13,27,-3,-21,-24,-56,47,-12,51,-57,34,-33,-49,60,55,5,45,6,43,-16,-41,-11,-39,17,-29,15,35,14,-31,58,-9,7,-37,28,32,-52,-20,-36
47,13,-25,10,-27,7,-6,-30,-50,-4,-56,-45,-2,33,46,54,42,-43,-39,-32,55,-51,41,48,3,-53,5,-59,44,8,40,20,-14,-60,-57,-38,-49,36,19,-31,-23,-17,18,-29,12,-15,-1,-24,37,9,22,58,26,-16,-21,11,35,-52,28,34
26,-3,2,-12,44,-29,-20,35,58,54,27,4,24,-25,-48,-38,-33,-59,-21,7,19,-49,55,-13,14,-1,-11,-40,6,-32,47,30,17,42,-8,46,39,16,-37,28,52,-34,60,-5,-53,-36,-31,15,22,56,57,-41,45,-10,-23,-50,-51,-9,18,-43
-45,-8,-51,43,-32,56,40,2,-33,53,-55,-21,42,-37,30,57,31,58,47,-34,12,-48,49,-41,-44,-60,-39,-59,-35,-15,-17,5,9,20,29,-38,14,36,27,-7,24,-13,-4,25,1,50,-19,22,-23,-46,3,54,-10,-52,11,-6,-16,-18,28,26
38,21,7,-10,30,28,-3,-45,-26,4,32,-51,14,-13,37,58,-42,60,29,-49,-2,-36,-41,-27,57,9,24,-6,-19,-5,-43,-11,-48,-47,53,22,-15,-1,-56,-52,23,17,31,-46,8,44,34,33,20,-59,12,40,-35,-55,54,39,-25,-16,50,-18
6,7,-44,-35,10,-1,-2,-23,50,-5,25,13,-12,19,22,20,-53,-37,-14,-16,40,-15,8,-57,-11,45,49,-38,-56,-47,-51,-60,-46,-55,4,-41,18,28,54,-21,36,43,-42,3,-26,33,30,-52,-27,-9,31,48,17,-39,34,29,24,59,-58,32
52,-3,2,-19,-7,51,5,32,22,-41,-44,-29,-60,-50,-23,25,35,-37,4,49,-36,-9,15,-26,-16,24,55,-33,12,31,-30,-8,28,46,-17,21,18,-57,-47,43,10,56,-40,11,-54,-34,39,59,-20,14,-6,-1,-58,45,-27,-42,38,53,-48,13
-51,-10,-45,44,39,-40,-18,54,-27,2,24,48,50,-25,-49,34,-56,7,59,31,23,-37,-21,-11,14,32,9,-36,38,-43,-20,-26,-35,-16,33,28,22,-29,-5,6,-42,41,30,-4,3,60,55,-12,15,-13,1,-57,-58,-8,-47,17,52,53,-19,-46
-8,28,16,-13,40,-37,-14,1,-43,45,59,22,4,7,21,-3,19,39,-17,-33,-15,-12,-57,46,-29,-55,-58,-2,25,48,-34,-53,20,31,-36,35,6,-41,-18,-5,38,54,9,47,-10,-24,-44,-30,52,56,60,-49,32,-42,26,-50,23,27,-11,-51
-20,7,57,-26,-37,13,-2,-50,-16,-11,10,-39,-6,-22,-54,9,46,24,-32,1,-52,14,-33,-18,53,4,36,49,-31,-59,29,19,23,-35,34,-27,5,51,12,43,-56,58,-40,47,-48,-17,-44,45,-28,8,-38,21,-25,15,60,41,-3,-42,30,-55
26,20,11,-13,25,30,43,16,-36,-49,-3,-33,4,-48,-50,-8,54,-60,44,-2,-28,31,-34,-59,-5,-1,-58,21,-52,-6,-22,55,12,23,46,9,38,-37,57,51,-47,53,-7,-19,-56,-35,41,14,10,15,-40,29,-42,-17,-32,45,-39,27,24,18
46,45,-9,60,43,-57,35,-50,3,51,34,17,-54,-25,55,23,-12,36,-40,24,-41,59,-16,-20,14,39,42,58,52,37,-33,-48,31,-11,-7,-18,-30,-56,-26,19,21,-27,-5,-49,-2,-1,53,32,44,8,-10,-29,-47,13,-15,38,6,-28,-22,-4
25,-42,-26,47,37,56,-21,11,22,15,-8,-27,-32,58,-10,23,30,43,53,-40,7,-9,-16,33,-1,3,12,-36,59,-17,-39,13,-24,44,45,28,-5,52,31,20,-48,2,-18,-34,-35,60,-4,41,-55,-57,54,-38,-19,-51,49,-6,50,-14,-29,-46
-56,-44,-39,-25,-21,59,-41,18,54,-36,23,-33,-58,-17,-28,48,14,-8,40,-50,5,-51,-11,45,4,-53,46,15,-52,49,-34,60,12,31,55,10,-42,47,3,-19,7,37,-57,2,-24,-27,-38,-16,-30,20,22,29,26,-9,-35,1,43,13,-6,-32
-11,-29,16,-34,38,19,54,18,-57,33,1,-46,-28,26,-25,-3,48,-8,-6,-24,-42,-23,22,20,15,-14,35,13,2,31,-30,-60,-10,4,-27,-44,-41,-5,-52,-58,37,21,-56,36,-50,12,-53,-17,55,45,59,39,47,-7,-49,43,9,40,-51,32
40,-46,8,12,60,25,20,-3,-15,-35,23,-4,-30,54,9,26,41,-51,39,-7,43,-45,-11,56,-6,-16,42,36,47,13,33,-38,-31,48,10,-28,58,32,-19,-1,-17,-27,-21,-49,22,2,-29,-34,44,53,18,-59,-50,-14,-57,-24,55,-37,52,-5
-24,-10,-21,49,-29,-54,-32,-45,28,2,23,-47,59,41,40,30,-18,17,-44,-52,3,-26,-11,1,-42,22,38,-9,5,-16,-57,7,50,-55,-53,-60,-48,-27,-46,-15,-14,25,51,19,8,39,12,37,-4,-33,-43,20,35,6,34,58,31,-56,-13,36
18,8,-13,-45,-16,20,38,-2,-59,-33,60,-58,3,28,48,5,-51,-1,57,-6,-24,42,-43,21,-46,55,50,-14,-32,-54,-49,29,10,-52,56,37,-36,-7,-40,39,-44,-22,23,41,4,25,53,-15,31,-27,17,34,-47,30,-26,-35,-19,12,9,-11
30,26,-48,-29,-15,32,49,36,-13,23,25,18,9,41,5,42,-43,-12,-46,-31,51,56,-10,52,-11,-2,-60,35,4,-1,20,-6,-53,-45,-28,-8,-44,-50,-58,54,-14,-16,17,37,34,19,-55,3,-7,38,-21,-24,33,-40,47,-22,-59,39,57,27
-31,54,-15,-12,-25,-29,14,21,-53,-57,-13,4,11,-7,3,-51,23,-59,48,43,-8,49,-17,32,5,56,-42,-52,6,-45,1,-24,-47,-36,41,34,-46,-55,-58,-44,-35,27,-20,40,30,37,33,-19,-22,-60,16,28,9,-2,38,-26,10,39,18,50
11,-60,17,-25,-39,-18,-47,26,38,-29,-1,16,-37,44,28,-12,-3,6,30,41,-49,36,40,48,4,-8,50,-15,10,-19,-56,-51,-53,-58,-43,-22,13,-9,5,-23,-20,55,35,-14,-52,-54,7,-24,21,-27,32,45,33,46,-42,31,59,34,-57,2
-11,-49,31,26,-18,-24,50,29,-55,-44,1,-45,-57,-32,-43,-54,48,5,25,-21,20,-41,-46,6,-19,-4,37,-34,-8,-60,-3,14,51,28,-56,-39,-27,-42,36,-59,22,38,15,10,12,23,-52,-17,2,-7,-33,47,58,16,9,35,13,-53,40,30
-20,31,40,22,-39,14,48,-26,42,-32,47,46,41,-6,30,51,-37,19,-18,1,58,-4,-53,-36,-52,8,-33,-50,60,-15,-2,10,27,-49,-44,24,17,-43,5,-3,-13,-9,38,35,-55,-12,-11,-7,34,28,-16,25,23,56,45,-54,-59,-21,57,-29
-13,-25,-35,-6,54,4,51,21,41,-46,-29,-34,1,45,60,27,-39,-26,-42,30,-8,-50,37,-38,2,18,-16,57,11,-20,-36,-52,-44,12,3,31,-23,24,17,49,-9,19,-55,33,-14,10,-56,-59,-40,22,-7,32,-58,-5,43,47,-28,53,48,-15
15,48,-17,8,-43,-39,40,-4,-44,42,12,-11,58,-51,-1,33,3,49,46,-38,-52,54,34,-25,24,30,50,53,-57,-26,59,45,-16,-23,47,-55,41,20,6,-7,-37,-10,5,9,-32,-19,-35,-2,-18,-27,14,21,-28,-22,36,60,29,-13,-31,-56
-27,-23,13,49,51,28,16,-60,45,15,26,-43,-3,-55,-10,-7,57,21,-31,54,-18,53,2,-56,58,-11,1,-6,-33,-41,19,-47,29,40,59,-50,-44,42,-48,-34,30,-38,12,37,-9,52,32,39,-4,36,-5,-46,-22,-20,14,24,-17,-25,-35,8
8,28,-33,-22,-24,60,57,-1,51,-14,-12,11,44,10,54,32,41,-34,-47,59,-52,4,-37,5,-42,45,56,-2,-31,-50,29,-16,3,18,-40,43,23,55,48,35,-17,25,-36,-13,-26,49,19,-39,-46,30,-9,21,-58,-15,-38,-27,-7,53,-20,-6
42,3,-2,6,-18,-4,-21,-24,54,45,-40,-48,14,-13,52,-29,51,5,44,-35,7,-37,-60,8,-26,25,39,36,16,-58,-46,49,-55,59,20,-28,22,56,-27,11,-57,-1,47,-19,-10,31,-43,12,-32,-53,-17,-15,50,-9,33,-38,41,30,-34,23
-25,54,56,31,-55,22,-60,-14,59,-45,-35,-46,17,8,-42,-44,-13,-53,-52,51,40,-6,49,36,1,43,39,-47,37,32,-4,-30,-34,33,11,-24,-29,57,-27,-21,48,15,-26,16,10,12,28,-41,-23,-58,-20,19,18,-2,5,-3,-38,50,-9,7
56,-37,34,-54,17,-19,12,25,11,-23,-9,-7,49,-44,-41,-43,-5,-36,6,33,24,47,10,-21,-8,-31,55,-39,-60,58,26,53,-20,-3,38,18,2,-35,28,-57,15,48,16,14,-51,-50,-22,-42,-13,46,45,-59,-32,4,-27,-1,40,-30,52,29
-58,-17,-34,51,44,-20,57,26,-29,-23,13,37,-11,-19,-39,-28,2,60,14,6,59,-53,10,35,49,-8,-55,16,9,-42,-33,46,31,3,-24,-41,-12,40,15,-38,36,30,-47,-5,48,-32,43,-45,-25,-52,-4,50,22,56,27,-54,-7,1,-21,-18
33,-26,-41,-17,-25,-13,-31,-20,-45,-32,38,-53,6,28,16,-15,4,-48,-52,8,46,-50,-47,-49,5,2,-37,-14,-60,-54,7,10,-1,-44,-43,40,27,-11,-57,-36,3,-55,35,34,9,-21,23,18,24,22,-59,19,12,30,42,-58,39,56,51,29
-23,22,-19,55,-46,28,45,24,29,60,51,-26,-15,-20,13,18,56,-16,3,14,-33,-2,1,-8,-49,12,-42,-6,-9,-52,41,-53,21,59,43,40,-48,-57,-58,-36,-31,27,-35,54,-7,5,-50,37,25,47,-11,30,32,-44,-4,-17,38,39,-34,-10
-58,8,41,59,12,-49,-23,-2,-48,-55,32,-5,19,-57,18,-36,-50,-15,-13,43,-60,54,7,-38,-35,-40,44,-42,47,51,56,-11,-52,-45,25,16,46,24,-53,26,-3,28,-20,-27,34,-37,-29,9,6,17,-30,33,39,-22,10,-31,14,1,-4,21
-35,-37,41,46,11,-53,-22,-27,43,19,-5,40,29,-31,49,25,-34,-58,-10,38,-28,7,-39,36,-16,50,8,21,-13,-55,14,54,45,17,1,-24,2,-20,23,-12,-3,-59,-9,47,-33,-4,-44,56,-15,-26,60,57,6,-32,30,-48,-52,18,42,-51
45,-60,57,29,14,58,27,36,32,18,52,-34,25,-5,-23,-20,38,-10,-51,16,-31,48,15,-53,-13,47,-7,33,-4,-40,21,-9,-28,12,54,-8,49,-17,-50,30,55,-59,44,-43,-1,56,-26,-22,-37,39,19,-11,24,-35,-41,-46,-3,-6,42,2
-60,4,-15,-2,-8,-45,-11,5,-19,41,7,-13,12,-54,3,-33,-52,-53,9,59,-50,37,24,-23,35,46,44,29,-28,-58,42,51,16,-43,-25,-39,-22,55,36,-49,-10,-31,34,-27,6,-26,57,56,40,21,-32,17,18,14,-38,-48,-47,30,-20,1
-52,-39,-18,53,32,17,-37,9,-8,29,-51,36,57,34,60,-38,-6,3,-46,28,-43,42,-49,59,40,30,-47,-20,-10,-26,-50,-5,-44,-14,56,-12,7,16,2,-25,-58,-22,21,33,55,19,27,-54,23,31,11,1,-4,48,-45,-35,-13,41,-24,-15
-53,3,-2,9,24,42,37,-44,-4,-58,16,-41,32,-55,-50,-11,-60,43,28,-59,-35,-38,-33,-5,-29,-49,-51,-19,25,36,-48,-13,23,-54,21,-30,-7,22,-57,47,12,-6,-18,8,-52,56,-40,31,26,15,27,45,1,34,14,-46,39,10,20,17
9,38,-58,-20,-44,-49,-17,-28,-1,11,-10,-26,-35,-47,60,-46,7,-32,42,4,24,-57,-29,-21,39,12,-45,8,23,-40,33,18,-31,-56,13,-51,-48,-2,-25,30,-43,-19,41,5,27,16,14,37,6,-59,36,-54,-55,52,53,34,22,3,50,-15
27,29,-58,-59,-12,-11,-32,-28,-18,44,6,5,-43,22,-54,20,-55,9,36,-16,38,-14,-42,47,-45,52,-1,8,-2,-48,39,7,-37,-49,53,-19,33,-21,-31,-51,-56,23,13,-10,25,57,-24,30,34,60,40,-26,-35,15,17,41,-46,3,4,-50
55,56,-11,-45,-8,-23,37,5,17,-13,3,50,10,-49,27,-28,-9,58,-44,48,35,34,6,-32,-38,46,-15,16,30,-29,-57,24,59,-22,-21,41,-7,25,42,54,-36,-39,60,19,4,-26,51,-20,14,-12,-47,53,-52,-40,-1,-2,31,-18,-33,-43
-43,31,-36,17,9,-37,-10,39,-5,7,-54,34,-21,-50,-42,-20,-4,-23,33,16,13,-49,18,52,30,-60,-58,59,57,-25,-2,45,-19,-12,-48,3,6,51,-8,53,44,15,1,-41,-32,47,-46,35,22,14,-38,-24,-40,11,56,-55,-29,27,-28,26
46,-15,42,20,49,-16,19,-51,38,18,25,-43,-33,22,2,6,-41,-10,-7,-4,28,-14,59,35,-11,-30,-29,-21,27,26,53,-45,13,-44,-24,48,60,-9,55,47,17,-3,12,34,32,-1,-40,-36,-5,-58,8,-56,-31,57,-39,52,-54,50,-23,-37
36,-34,16,9,-47,-41,8,-7,-4,53,45,20,-24,54,26,-3,33,55,51,-12,28,-31,40,13,-42,-15,-44,-21,-60,37,22,43,-17,2,48,-1,-30,58,46,-23,6,25,-32,27,-11,-39,5,-35,-56,52,-19,-50,-10,-14,-18,49,-59,-38,57,29
-11,27,-16,-54,28,49,-25,-23,39,-50,1,35,-56,58,17,3,-15,32,34,-43,59,-52,8,-30,7,-37,-2,-5,38,24,48,-18,41,-19,-12,-47,26,-29,-9,44,-33,-55,20,-40,-53,51,36,-31,-6,10,-46,22,45,4,42,13,60,-14,-21,-57
-8,57,20,48,10,54,44,1,42,-5,31,-41,-24,-40,-52,26,-32,-25,60,-3,-56,-35,33,13,18,-16,-36,-38,-53,55,-11,17,-23,47,22,27,49,28,45,14,12,-9,-59,-7,-39,51,-34,-4,-37,-58,-46,15,29,-6,-30,21,-2,50,43,-19
22,-14,5,-10,-3,-50,-26,11,-27,4,-8,56,-30,2,37,-19,48,25,16,40,-28,-1,-49,-29,-18,7,9,21,24,13,57,42,-38,-47,45,46,-15,33,58,-20,-60,-32,55,53,-35,-36,34,-17,23,6,-59,-54,-44,52,-43,-12,-31,-39,51,41
39,13,43,54,6,-5,-44,-35,-29,-40,-32,-37,-2,-21,-18,22,-58,15,20,-19,14,-16,-53,-31,-30,-33,41,-42,9,25,24,11,26,-48,8,-52,12,49,-1,10,-27,28,-3,7,-57,-59,60,34,-38,-51,50,36,23,-4,56,-55,45,17,46,-47
-2,1,-60,-45,-39,-17,26,-24,-52,-46,31,-23,53,18,-35,-51,6,-14,25,43,-49,-56,12,8,-19,-7,29,-47,-27,42,-11,41,-58,-55,15,-37,36,-48,5,54,-32,-30,-20,-59,4,10,28,38,21,-57,16,9,-13,-40,34,22,50,33,44,3
9,-29,-59,-13,-53,-51,-32,-31,-1,41,17,57,4,27,43,58,-11,-38,26,-48,-25,-54,-42,-28,21,-19,-14,24,2,33,8,7,-30,-46,49,44,-45,18,60,47,-10,23,-15,-36,37,34,-40,20,-35,52,6,-50,5,22,56,-55,-12,-16,3,-39
19,-16,-41,-14,44,43,-45,46,-48,12,29,-10,18,4,-60,2,-57,-13,-1,58,-27,26,-38,47,-59,-22,21,36,-11,53,-35,-56,49,40,31,-28,39,23,-37,-34,3,-52,-6,-5,7,-8,-24,9,-33,55,54,42,-30,-51,-50,32,17,-20,25,15
36,58,60,-18,-30,-26,-57,49,-25,-40,42,16,-14,13,55,-12,-38,4,-28,-29,47,-45,59,48,9,6,-51,19,20,5,37,46,34,-33,39,-1,-31,17,-35,10,43,-11,-41,-56,22,-32,-21,-24,-8,54,27,53,-52,-50,-15,44,7,-2,-23,-3
-7,24,60,16,32,-20,1,-52,-19,-14,41,46,-42,10,59,-4,27,-54,9,6,-22,21,-29,-2,-53,56,-17,-37,23,48,38,-5,34,-33,40,57,28,-31,-44,-35,-11,13,-49,39,47,-12,-45,-30,43,58,-55,8,25,18,51,-26,-36,-50,-15,-3
-2,1,42,-47,7,-11,-5,-59,27,-38,6,34,31,18,56,-55,36,-14,-58,-53,24,40,-28,-21,57,-48,-9,23,-33,-52,-13,-49,29,-12,-37,-17,35,10,43,-22,51,-3,-39,-46,54,44,4,26,32,60,-41,30,20,-45,16,-15,-25,19,8,-50
-51,-56,22,42,23,28,-9,-40,7,-53,-37,-14,-41,12,29,26,-58,-25,-33,55,35,-3,-5,-54,18,-16,-59,-6,-15,52,-34,-50,19,31,-21,57,11,45,-49,8,13,-4,-44,43,-38,-60,-48,47,39,32,1,-30,10,24,-20,2,-36,17,27,46
-57,-39,29,-47,7,-16,-5,11,60,-35,-8,28,-58,25,-40,6,-21,-43,41,22,17,-20,-54,-37,-14,-27,26,-12,-3,31,-30,-42,45,56,10,-49,24,-59,2,15,-19,32,18,-46,-33,44,4,-52,36,-51,50,48,55,23,-53,-34,1,13,38,-9
8,-16,-42,40,20,-27,10,-1,45,-7,50,-21,-44,-34,-38,2,-41,43,-36,-5,12,30,28,53,54,-32,6,-23,57,-22,58,26,-35,14,33,19,46,15,-59,-4,17,3,-18,13,-9,-37,49,55,-47,-11,-52,51,-24,-25,-48,60,-29,-31,39,-56
-51,57,20,28,46,-25,-59,11,31,21,-8,14,27,-12,33,-18,-58,16,38,-3,-10,23,-22,47,6,-43,-13,-4,40,34,-9,60,-15,-30,39,48,-45,-19,-35,-29,55,-52,26,53,37,-5,-24,-36,54,56,1,42,-44,-49,-41,-50,-2,17,7,-32
-3,-32,1,-20,31,30,-16,25,-10,9,-38,-29,17,50,-33,7,-13,-52,45,4,-24,-27,60,21,-8,57,22,-55,12,-6,-5,2,15,46,42,43,40,11,54,-37,-58,-35,-36,-59,-19,-34,51,-56,53,-14,-47,18,-49,-39,28,48,-26,41,44,-23
15,11,20,-30,6,-5,-45,10,-41,-8,-2,-52,-49,37,-1,57,-35,-46,56,-3,-31,29,32,39,40,-28,-59,26,-22,4,21,-23,50,-42,17,55,-14,48,-24,-25,9,34,-53,-60,7,18,54,-38,13,-33,-58,12,43,-47,-36,-19,-16,51,27,44
-60,-41,54,-7,55,-17,4,-42,-18,-58,-21,-25,59,-34,-47,20,6,9,43,-16,11,-38,-29,37,12,52,-50,49,23,-48,-46,-53,-56,14,39,40,-24,22,-35,-36,2,8,-19,45,-44,31,15,30,-28,27,57,-26,32,-3,-5,33,-51,10,-13,1
-50,-43,-60,-39,51,-31,-56,52,-37,53,-29,17,-42,-19,33,-44,-12,28,14,-25,-26,-58,-46,35,20,21,30,-18,11,-27,6,-40,-15,49,-24,38,9,-36,4,32,-45,13,2,16,41,23,54,59,-34,1,-5,-8,-10,-47,-57,7,55,22,-48,3
-50,-27,6,-53,-46,-3,15,-21,34,-30,14,-28,31,-11,-7,51,-57,48,-55,56,8,36,-37,32,33,54,2,12,44,10,-13,-24,-25,-9,45,-22,23,-42,41,-43,-39,38,40,-29,-35,5,-52,-18,-60,1,-16,47,4,-26,19,-20,17,59,-58,49
40,-34,-27,-54,-42,-21,-36,9,-8,-37,24,13,-12,16,39,-14,50,25,-47,-59,6,-60,-31,-11,-18,-29,3,-55,26,57,23,51,-43,2,46,7,10,45,-15,-1,56,5,33,-52,-38,-35,19,49,-48,-17,-32,44,58,4,28,-41,-30,-53,20,22
42,-48,19,-59,31,25,33,-20,-46,47,26,-53,14,-13,-21,35,32,-27,-3,8,15,-28,-58,-57,-6,-11,18,22,-38,56,-5,-17,-7,-55,-16,54,44,29,52,-60,-45,-1,49,-37,41,9,-10,2,-43,51,-50,-39,12,-36,34,-30,24,23,4,40
16,-10,27,-39,-51,-42,25,31,-23,2,59,34,47,-36,-53,-1,20,32,-45,-17,-28,58,9,26,-7,-24,-3,21,-40,46,-8,-18,-48,-12,-38,14,-56,35,4,29,-49,6,57,50,19,-30,-13,33,41,-44,5,54,15,-52,-60,37,-43,-22,-11,55
53,32,-52,26,34,-24,-48,-51,43,46,-56,37,50,-23,40,-35,-25,-19,18,-47,-41,54,14,6,17,-4,58,39,-38,60,-42,-2,36,-5,16,-33,-12,29,-28,-15,21,31,-9,55,-49,-10,20,7,45,-13,8,3,-1,-22,-44,11,59,-27,-57,-30
-47,16,-14,44,-60,-56,55,-33,-49,25,27,-29,26,3,-30,-2,-53,48,37,32,45,-23,22,-42,-10,-13,-11,34,12,15,-36,-20,8,-28,38,31,-19,-35,59,-54,-51,24,57,-4,-21,52,1,-18,9,58,41,-46,17,40,-7,6,-43,-50,-39,5
-3,-42,1,40,14,45,60,-32,53,-24,-22,-27,-30,-5,-26,25,-29,36,-56,28,-37,11,41,10,-16,15,12,-20,17,13,51,8,-54,-52,-48,-18,21,47,-55,-4,-23,2,-58,-57,-6,-49,-38,35,46,59,-31,34,-9,33,39,19,44,43,-50,-7
-26,-3,2,-10,16,15,-18,-41,34,4,48,32,23,60,-6,-5,-30,7,21,45,-19,-31,-13,-35,-55,1,56,29,-28,17,22,-12,-51,-9,24,50,39,59,-37,-44,8,49,47,40,-20,-57,-43,-11,-42,-36,33,-54,-58,52,25,-27,46,53,-38,-14
-22,-33,23,21,-39,-44,27,53,-36,42,-37,41,-48,-51,-43,34,-26,-24,28,-54,-4,1,-3,18,55,17,-7,-19,-52,-32,60,30,2,-16,-58,9,11,-56,5,46,-12,-10,15,6,-47,-40,45,13,59,-57,14,29,-8,20,-25,38,50,35,-49,-31
46,-23,28,-34,-17,53,-26,-19,29,38,15,35,-32,44,-11,48,5,51,8,45,-41,59,2,-55,-58,7,-56,-3,-9,-36,-60,13,42,4,-12,30,-47,-10,52,43,21,-33,-40,-14,-20,-1,37,-16,50,-49,-18,-39,-6,57,24,27,-54,25,-22,31
53,-3,2,5,-4,19,-33,56,12,17,15,-9,26,24,-11,-54,-10,45,-6,-25,30,55,-37,-14,20,-13,-50,-51,-60,-21,47,36,7,-43,41,-32,23,-39,38,-58,-35,-46,34,49,-18,42,-31,57,-44,27,28,-59,-1,16,-22,-8,-48,40,52,29
-55,-35,18,53,47,-32,29,37,-33,-11,10,56,58,23,-39,17,-16,-3,43,-59,41,-45,-14,42,-46,38,-34,-31,-7,54,28,6,9,27,2,50,-8,-26,15,60,-21,-24,-19,48,22,25,-5,-44,52,-36,57,-49,-4,-30,1,-12,-51,-13,20,-40
6,47,-16,13,-24,-1,33,54,26,49,-55,38,-4,27,23,3,-48,31,-51,53,43,25,-15,5,-22,-9,-14,42,-36,-44,-18,-57,-7,59,58,29,52,-12,-56,-50,-46,-28,-21,30,60,41,-2,17,-10,40,19,-37,-20,-8,11,39,32,-35,-34,-45
18,-19,-11,14,23,-21,-34,29,-24,25,3,30,32,-4,16,-15,-51,-1,2,-40,6,-33,-5,9,-10,-49,59,-38,-8,-12,57,-13,22,7,-44,52,58,28,46,20,-50,-54,-56,35,-55,-39,60,53,26,41,17,-36,-48,42,45,43,-31,-37,-27,-47
-21,4,-56,-2,26,43,-55,32,-47,-41,16,44,-60,-24,-23,-11,58,-42,20,-19,1,28,15,14,-40,-5,39,-22,-57,31,-30,-8,53,-45,-52,54,-50,59,-27,25,10,18,-6,-12,34,48,9,-46,51,37,-49,35,-33,-36,7,3,29,-17,-38,13
-6,-55,31,16,-42,1,26,27,-13,37,56,22,9,-15,14,-4,-19,-21,17,53,18,-12,50,-29,-58,-7,-8,44,24,49,-3,-60,34,-33,-59,-40,-10,57,-52,36,-54,5,48,-28,47,51,-45,-43,-30,-23,-46,39,-20,41,2,-11,-38,25,35,32
-12,-7,-18,33,36,-54,2,-25,34,-19,-38,1,-35,53,37,51,-20,3,10,17,-22,21,-59,41,8,-44,-50,-30,-40,28,-39,45,-4,-9,13,-5,-15,11,31,29,-24,-60,47,26,-32,55,-43,-58,-56,27,-16,57,-14,6,-46,49,-52,48,23,42
-38,45,31,-27,-59,-32,-40,9,-8,29,30,-26,21,-16,35,14,19,-48,-17,53,-13,51,49,42,-46,12,4,55,-10,-11,-3,6,-58,36,-15,-34,-57,1,44,7,47,-24,60,-39,-2,25,-41,18,-23,-54,-22,56,-20,50,-28,-52,37,33,5,-43
3,9,-1,52,-17,28,-40,-59,-2,46,-56,21,58,22,32,45,5,44,-30,-29,-12,-14,-60,43,-55,42,-38,-6,20,19,-53,-15,-41,37,-39,54,-34,27,35,7,33,-26,-24,-18,-16,-10,-51,50,57,-48,47,-4,31,-36,25,11,-49,-13,8,23
-22,31,9,-13,32,20,-18,-43,-3,-19,-42,-35,4,-52,16,-15,26,7,10,-6,-34,1,38,-30,-41,-17,40,-55,-57,24,-2,-5,-49,21,12,60,51,-23,48,-27,25,11,8,-46,-54,44,-59,-39,33,58,-37,14,-56,45,28,53,29,-50,47,-36
-57,48,-32,13,-16,-47,-51,-39,27,34,14,21,-4,-11,37,5,55,-23,-52,40,-12,-29,18,33,36,42,-9,-49,22,-35,46,3,-24,-10,30,-25,-15,-56,8,-20,-45,-26,-59,-58,41,-31,6,-2,28,60,7,19,54,-53,-17,38,1,44,43,-50
33,-14,-48,18,39,24,38,-15,-55,-56,60,-52,-53,2,8,-58,49,-4,51,57,-35,37,-45,-6,26,-25,-54,-46,-47,-42,-50,-59,-1,41,21,43,-22,-7,-5,44,-34,30,-36,-40,23,28,29,3,-17,31,-19,12,13,27,9,10,-20,16,32,-11
21,-40,-17,48,27,31,-29,22,15,-24,45,-52,-25,42,-9,-20,3,-32,59,16,-1,-8,-30,10,13,-41,-5,-47,7,23,-6,18,-39,-54,44,43,-56,51,33,2,26,-14,-36,-35,-11,-53,28,-4,-50,49,-38,12,46,34,-58,37,-60,55,-19,57
-37,59,-23,-51,-19,-38,55,15,-29,44,46,-16,58,-17,-8,12,14,-42,5,-33,-54,-25,3,43,22,-57,34,-47,9,52,53,-41,20,-27,50,-39,1,6,36,60,32,18,-24,-10,-48,-11,28,45,-56,-35,4,-30,-31,21,-7,49,26,-13,-2,-40
32,35,-42,-37,59,-50,-52,23,-16,36,34,55,-30,51,-48,9,41,-19,18,-39,47,27,-8,-31,-26,25,-22,44,-49,13,24,-1,-45,-11,-2,-10,4,53,20,-43,-17,3,40,-28,33,-60,-21,15,29,6,-14,7,-38,57,-12,58,-54,-56,-5,46
40,-11,-57,-23,-10,51,17,53,-28,5,2,29,16,25,32,-13,-7,-42,-55,27,45,-41,4,-54,-14,34,-20,9,-12,33,-38,-15,-30,-26,47,-52,44,31,49,-1,22,18,-56,-37,-21,-58,-35,-60,-39,-59,-6,36,-8,24,19,43,3,46,50,48
60,26,-24,6,-51,-4,55,-45,20,56,31,-19,-58,23,-39,-40,22,54,12,-9,-41,-17,-14,3,53,-2,-33,47,-32,57,-11,29,27,48,-59,-49,44,46,15,16,21,43,-42,-37,8,-38,-28,-34,36,-52,5,50,-25,-18,-7,-10,-30,13,35,-1
16,54,-10,-20,-50,-15,-31,-32,-41,3,36,-51,-59,-60,6,-1,-18,17,-40,4,-47,-55,-43,-25,24,35,-56,52,58,-57,7,8,-39,45,-26,-11,-42,46,33,19,9,37,23,48,-34,-38,21,-44,53,5,12,-28,-49,-2,22,27,30,-29,13,14
32,-7,-36,-48,-22,-17,2,44,-34,-13,-35,-59,10,38,27,25,6,56,60,39,43,5,-41,-50,-16,-37,-15,-52,-42,-51,-46,-1,49,9,11,3,26,-14,-20,-55,23,29,-21,-8,53,31,57,4,-33,24,30,28,-45,-58,40,-18,-47,54,12,-19
5,-45,37,-19,-1,35,34,-24,-13,-17,25,33,9,52,53,32,10,-21,4,41,18,59,-49,8,-11,28,-44,-26,31,39,-29,-16,-12,-7,-6,-46,-3,-55,-30,56,-20,-50,57,27,2,36,-54,51,23,42,-48,-14,-15,47,38,-40,-43,-60,-22,58
-13,-40,14,29,-25,39,11,51,15,-33,-7,32,1,-3,-9,34,-19,42,17,45,44,49,59,-38,5,-41,52,-60,-4,-55,-37,-12,10,-16,-57,-48,31,24,-6,2,26,-18,58,-21,-20,-50,54,36,-22,46,-8,-27,-56,-47,30,53,35,-43,-23,28
39,-27,-16,33,-22,-29,46,51,-37,31,32,-20,59,-49,24,3,41,-45,57,12,26,5,-43,-15,47,-21,2,-40,6,-35,-10,-11,-4,55,30,60,9,-48,-1,28,-17,54,23,-58,18,-7,-25,38,14,56,-8,-53,52,-42,-34,-50,-19,44,-13,-36
-29,-39,-46,50,-37,-33,-26,-25,-43,35,-51,52,14,-13,-22,31,38,36,60,-53,-23,15,21,30,8,7,49,-44,1,-24,-16,-57,6,-54,-10,-18,5,-17,2,-55,-58,59,9,28,-56,3,-48,47,-27,-4,11,-12,20,34,40,45,32,41,-42,-19
22,-21,8,-13,48,39,41,-3,29,40,-36,-53,4,37,45,-43,52,58,-55,-34,2,-1,-31,-35,-42,47,-57,-59,-9,-46,23,49,50,20,24,11,-14,-60,-6,-10,-7,25,16,-56,-15,30,-26,-5,-32,-33,-54,-17,12,51,19,44,27,-18,28,38
16,-31,54,44,42,-49,41,-37,-17,-50,58,53,-22,23,-32,-1,9,-39,-52,-30,35,13,-14,60,48,-28,55,26,43,20,2,15,51,-40,-21,-45,8,47,18,34,-7,-5,-29,-4,36,56,-38,-25,6,10,-33,19,-12,-3,-27,-46,59,-11,-57,-24
-23,-29,-39,45,-59,-13,-22,-17,-44,41,-27,38,6,-16,-51,14,8,-58,32,60,36,7,1,52,-49,46,11,-50,2,-31,30,-19,56,37,-55,-21,-34,-12,3,54,-10,-57,48,9,-4,-26,53,-43,25,28,15,-24,-47,-40,35,-33,42,18,5,-20
11,31,-18,-33,-20,37,35,45,48,56,-1,53,-19,43,17,44,-15,3,13,5,-51,34,-58,42,-30,-57,-52,39,50,25,-2,-60,4,-22,-7,-41,-6,-54,-28,-46,36,-24,-14,-16,-8,40,-59,-9,55,-29,21,27,-12,38,-49,-10,26,23,47,32
-57,-32,-9,38,-18,49,-30,36,3,-26,17,16,52,-27,-19,-12,-11,5,15,43,51,53,56,-28,-58,10,14,24,-34,7,-41,2,47,29,-46,-8,55,-4,45,48,31,-50,-20,-59,-39,35,-33,-40,-6,42,-21,-13,-22,60,-37,-23,1,25,44,-54
-21,47,-13,-46,-27,-31,17,-38,-40,-59,-16,-39,3,48,-19,11,-7,-36,15,-35,1,-54,52,-41,-30,-29,5,34,26,25,6,57,-42,-28,20,18,58,8,12,9,24,33,55,60,-51,4,-2,-14,-56,-53,45,-23,50,22,-43,49,-32,-37,10,-44
9,30,42,-23,-46,-31,-8,7,-1,-14,-24,-32,29,10,19,51,60,-28,-15,58,-36,-53,4,11,-26,25,56,18,-13,-2,6,12,-38,-39,59,21,-48,33,34,-43,-50,-3,40,54,52,5,49,37,-47,41,-16,-45,22,-44,-57,-27,55,-20,-35,-17
25,6,39,-37,-31,-2,-23,13,-21,-53,-50,36,-8,-17,-24,44,14,-59,49,29,9,-38,7,15,-1,47,28,-27,-20,43,5,51,52,-42,-58,-12,4,22,-3,60,-57,34,-30,-16,-56,-55,-26,54,-19,11,-32,-33,10,-48,46,45,41,35,18,-40
41,-53,51,-59,-22,-40,46,33,16,49,-58,-36,14,-13,-48,-9,-45,-31,-23,-52,32,5,19,-55,60,39,-29,34,27,-42,18,-21,-8,-28,-43,12,-38,37,-26,6,-1,30,35,-56,17,-7,-50,15,-10,47,-3,20,2,57,24,44,-54,11,4,-25
5,-53,37,-19,-1,23,-34,-40,-21,20,45,48,56,-49,31,-22,-25,29,4,-10,9,16,-6,51,17,-30,33,41,-18,26,-15,54,-27,7,-44,-47,-3,39,-38,8,-28,43,-42,35,-11,-55,36,-12,14,-52,-24,50,2,-32,46,-13,60,59,-58,-57
46,19,5,29,-3,53,-8,7,-27,-60,-18,-44,-39,30,52,26,-22,11,-2,-43,33,17,-45,54,57,-16,9,-34,-4,-14,42,35,-21,28,-32,58,-41,-59,13,-50,37,-31,20,12,23,-1,-48,47,-55,40,56,-15,-6,-24,49,-51,-25,-36,38,10
-15,-19,-27,-37,49,-54,-60,-13,-58,-56,39,-28,8,-33,1,31,29,-38,2,26,59,45,41,42,51,-20,3,12,-17,-35,-16,-36,14,44,30,32,4,18,-11,48,-23,-24,57,-34,-22,-47,46,-40,-5,-52,-25,50,-55,6,53,10,-43,9,-21,7
50,54,35,43,-27,-53,21,-39,26,22,-33,-13,12,-42,-58,-40,34,-23,56,-38,-7,-10,18,32,59,-9,5,-49,41,44,-57,-24,11,-17,-3,-46,52,20,8,16,-29,14,-4,-30,60,36,-51,-55,28,-1,47,-37,6,-2,48,-19,31,15,-25,-45
-8,30,53,-59,-46,7,-6,1,58,16,-56,52,21,-15,14,-10,-29,-54,-32,-27,-13,-24,47,22,-36,-37,20,-50,17,-2,-51,19,-57,-55,38,25,26,-35,60,-42,43,40,-41,48,49,5,-23,-44,-45,28,31,-12,-3,18,34,11,33,-9,4,-39
20,-6,-36,-58,33,2,47,54,40,-21,34,35,-55,24,44,41,-28,56,59,-1,10,26,-43,-14,-50,-22,42,17,-32,37,51,29,-5,-11,-12,3,-30,-53,-49,-9,-16,-27,23,-15,-48,-57,-7,45,39,25,-31,60,38,-8,13,-18,46,4,-19,-52
-17,-5,43,-22,2,-14,18,-24,57,-34,-60,21,-26,6,30,45,1,-7,-27,52,-12,4,29,8,31,13,19,58,-23,-15,-25,-50,40,10,39,49,-41,55,-35,-33,37,59,-3,-48,-16,-54,-56,44,-36,32,-53,-20,51,46,-38,47,-9,-28,-42,11
