-34,-38,53,-59,50,-7,6,-17,-31,52,33,48,16,56,55,-13,8,41,-44,42,35,24,-43,-22,-60,-58,40,-47,-37,-46,9,-39,-11,1,-21,-51,29,2,32,-27,-18,-20,23,19,57,30,28,-12,-54,-5,36,-10,-3,49,-15,-14,-45,26,4,25
-28,4,56,-2,-39,54,-25,51,52,-18,17,31,44,-45,-49,-24,-11,10,37,58,33,-43,-35,16,7,34,-47,1,46,-32,-12,30,-21,-26,23,-50,-19,60,5,48,55,-53,22,-13,14,-29,27,-40,15,36,-8,-9,42,-6,-41,-3,-59,-20,57,-38
8,29,-45,-11,58,22,-40,-1,-51,-28,4,47,37,-24,18,54,26,-15,20,-19,57,-6,52,14,-53,-17,-43,10,-2,-33,46,-35,30,-36,32,34,-13,-48,-55,7,56,59,27,-50,3,-31,-12,38,-60,44,9,-23,25,-16,39,-41,-21,-5,-42,49
-59,46,-50,-57,-38,36,32,24,14,12,37,-10,26,-9,30,41,29,45,-39,23,34,27,-20,-8,-51,-13,-22,-43,-17,-15,47,-7,40,-21,52,-6,-11,5,19,-33,-16,-44,28,42,-18,-2,-31,-54,-55,3,25,-35,-58,48,49,-60,4,53,1,56
60,43,58,56,-53,-14,-34,-17,25,-40,21,-20,31,6,-36,39,8,23,35,12,-11,-52,-18,-38,-9,50,37,-29,28,-46,-13,59,-42,7,-19,15,-27,24,-16,10,44,33,-2,-41,54,30,57,-55,-51,-26,49,22,5,-45,48,-4,-47,-3,-32,-1
3,44,-1,52,-36,-47,-8,7,34,56,-20,-13,12,54,-43,51,53,27,-48,11,22,-21,-25,-28,23,-31,-18,24,-57,-42,26,-41,46,-9,45,5,38,-37,-50,-59,32,30,15,-2,-35,-33,6,19,60,39,-16,-4,-17,-14,58,-10,29,-55,40,-49
-54,-30,23,-53,38,-39,-37,-36,-19,13,-56,-51,-10,60,48,-31,-52,-55,9,-29,-26,-46,-3,50,34,21,42,58,20,2,16,-44,-45,-25,49,8,7,-5,6,57,43,-27,-41,32,33,22,59,-15,-35,-24,12,17,4,1,18,11,-40,-28,-47,-14
18,23,41,24,-43,57,19,-60,21,54,58,-31,-51,22,-55,27,-38,-1,-7,-33,-9,-14,-2,-4,-44,-46,-16,34,45,-48,12,-42,20,-28,39,-49,56,17,-35,-53,-3,32,5,25,-29,26,50,30,36,-47,13,59,40,-10,15,-37,-6,-11,-52,8
-32,43,-60,53,9,27,-18,50,-5,46,-57,-17,-20,15,-14,-47,12,7,-38,13,56,-49,34,59,37,35,-6,-52,-36,42,58,1,55,-23,-26,29,-25,19,-41,54,39,-30,-2,48,51,-10,16,-44,22,-8,-45,28,-4,-40,-33,-21,11,-31,-24,3
7,37,-55,58,21,-38,-1,14,57,-51,27,31,33,-8,-28,-40,41,-54,48,-42,-5,-25,30,26,22,-24,-11,15,44,-23,-12,45,-13,43,53,-49,-2,6,-60,16,-17,20,-34,-29,-32,-56,-50,-19,36,47,10,-59,-35,18,3,46,-9,-4,52,39
-33,26,22,52,50,-18,-27,37,-35,-44,-55,21,-29,36,31,-41,-30,6,-53,-28,-12,-3,46,-32,-49,-2,7,20,13,17,-15,24,1,38,9,-14,-8,-34,-45,56,16,-57,-54,10,39,-23,58,-59,25,-5,60,-4,19,43,11,-40,42,-47,48,-51
30,45,56,-60,-36,51,22,49,18,-11,10,50,41,15,-14,37,-52,-9,-24,-48,-32,-7,-35,19,43,-29,59,33,26,-1,-58,21,-28,-55,23,5,-16,-54,47,-57,-13,46,-25,53,-2,-42,-39,20,-8,-12,-6,17,-44,38,34,-3,40,31,-27,4
-9,19,-22,-23,-33,-57,-52,26,1,-13,-32,49,10,56,-31,37,-36,29,-2,41,-40,3,4,59,-42,-8,28,-27,-18,51,15,11,5,-38,55,17,-16,34,-45,21,-20,25,-47,-48,39,-53,43,44,-12,-58,-30,7,46,-60,-35,-14,6,50,-24,54
56,36,48,52,14,-31,37,-38,57,-32,-43,22,25,-5,54,47,-28,-53,-60,27,58,-12,-50,-49,-13,-55,-20,17,-30,29,6,10,42,-35,34,-2,-7,8,45,41,-40,-33,11,46,-39,-44,-16,-3,24,23,-59,-4,18,-15,26,-1,-9,-21,51,19
11,4,35,-2,-57,-58,-18,36,16,-41,-1,-22,-60,37,51,-9,-43,7,50,-55,-39,12,-47,-59,-40,33,32,-46,-52,54,49,-27,-26,44,-3,-8,-14,53,21,25,10,45,17,-34,-42,28,23,-56,-31,-19,-15,29,-38,-30,20,48,5,6,24,13
-6,33,-45,-8,59,1,-10,4,28,7,-52,13,-12,-16,-48,14,31,-60,40,25,41,56,47,-49,-20,-51,-42,-9,39,35,-17,-36,-2,-57,-30,32,55,58,-29,-19,-21,27,50,46,3,-44,-23,15,24,-43,26,11,54,-53,-37,-22,34,-38,-5,18
46,26,-37,-44,-20,-28,49,56,-16,-57,52,-22,-35,29,47,9,43,-32,58,5,-42,12,-39,51,-36,-2,50,6,-14,60,59,18,-38,41,13,25,3,33,23,55,-34,21,-17,4,-48,-1,-15,45,-7,-27,-24,-11,54,-53,-40,-8,10,-19,-31,-30
-46,-58,33,9,28,56,-32,30,-4,-44,12,-11,31,17,47,38,-14,-23,-54,42,-57,-35,18,-41,39,-29,45,-5,26,-8,-13,7,-3,53,22,-52,-49,-16,-25,60,24,-20,-55,10,-27,1,-15,-50,37,48,59,36,-34,19,43,-6,21,2,-51,-40
-16,58,53,-13,20,-26,10,55,-52,-7,32,23,4,-46,-38,1,19,47,-17,-5,-59,-37,-12,-36,40,6,28,-27,50,54,44,-11,-60,-42,-56,24,22,15,-51,-25,45,34,-49,-31,-41,14,-18,57,43,-29,39,9,-3,-30,-8,35,-48,-2,21,33
48,14,24,6,11,-4,-10,-15,19,7,-5,50,38,-2,8,-60,-39,40,-9,46,-31,28,29,-3,-49,-27,26,-22,-23,55,21,-41,53,-45,-58,54,-44,-13,17,-18,32,-43,42,37,34,-20,52,-1,25,-12,57,-47,-33,-36,-30,59,-51,35,-56,16
-12,17,-40,34,54,46,11,13,48,-47,-7,1,-8,31,35,56,-2,24,58,-38,57,-45,-44,-18,60,-51,28,-27,43,-53,-14,-50,-59,-4,-15,52,-49,20,42,3,-55,-39,-29,23,22,-6,10,-9,37,32,26,-36,30,-5,41,-16,-21,-19,33,-25
-22,-50,33,28,-47,-39,-26,32,42,-27,-37,-17,60,-38,-59,-54,12,25,-53,-41,48,1,-30,-40,-18,7,10,-4,-43,23,34,-8,-3,-31,49,-57,11,14,6,24,20,-9,29,46,-58,-44,5,-21,-35,2,-52,51,19,16,-56,55,36,45,15,-13
-50,59,-6,-56,-51,3,20,23,-31,49,-55,29,22,-15,14,44,21,-26,-53,-7,-17,-13,-8,-25,24,18,-43,-48,-12,35,9,-37,40,54,-30,-42,32,46,58,-33,60,36,27,-16,-52,-38,57,28,-10,1,5,45,19,-34,11,4,-47,-39,-2,-41
-58,-47,16,-32,-33,-49,28,57,11,-27,-9,17,-15,36,13,-3,-12,-60,38,-52,-31,-42,25,-48,-23,-51,10,-7,-54,-37,21,4,5,-46,39,-14,30,-19,-35,-53,-43,22,41,-56,59,34,2,24,6,-55,26,20,40,29,50,44,-8,1,-45,18
49,-7,-29,32,-60,-48,2,-58,-47,35,-18,-28,-31,-30,36,-39,40,11,-45,-50,-24,-37,42,21,-44,-59,-53,12,3,14,13,-4,34,-33,-10,-15,22,41,16,-17,-38,-23,55,25,19,-51,9,6,-1,20,46,56,27,57,-43,-52,-54,8,26,5
44,-38,36,-6,56,4,43,-29,-59,33,45,-49,-26,-47,48,31,-20,-28,35,17,52,24,-60,-22,50,13,-57,18,8,-55,-16,-41,-10,37,-19,-3,-34,2,42,46,32,-39,-7,-1,-11,-40,14,-15,12,-25,-53,-21,51,-58,30,-5,27,54,9,23
-51,-38,60,20,43,36,-14,54,-11,30,9,49,-58,7,-53,33,-50,41,-23,-4,-32,-46,19,-39,-29,-52,-42,-55,25,-10,47,21,-16,48,-45,-6,-56,2,24,-57,-18,27,-5,59,35,22,-31,-34,-12,17,1,26,15,-8,28,37,40,13,-44,-3
52,-26,47,-8,21,-17,58,4,-51,-36,48,59,23,40,54,60,6,-22,-34,-44,-5,18,-13,38,41,2,-28,27,-39,-57,-45,37,53,19,43,10,-32,-24,29,-14,-25,-46,-35,20,31,42,-3,-11,56,55,9,-1,-33,-15,-50,-49,30,-7,-12,-16
52,-32,24,49,35,-27,20,29,26,28,37,55,-18,17,-40,-25,-14,13,-43,-7,33,38,39,-3,16,-9,6,-10,-8,48,-44,2,-21,50,-5,54,-11,-22,-23,15,56,-51,19,31,59,-53,-60,-30,-4,-34,42,-1,46,-36,-12,-41,58,-57,-45,47
8,-19,-9,-39,34,-54,-47,-1,3,59,-20,46,35,-27,57,-23,-32,-60,2,11,28,-41,16,50,30,51,14,-21,43,-25,-55,17,52,-5,-13,49,48,53,4,-45,22,-58,-29,56,40,-12,7,-37,-36,-24,-26,-33,-38,6,31,-44,-15,42,-10,18
-59,-43,6,32,-49,-3,-44,58,45,53,13,-34,-11,18,60,57,-22,-14,-38,31,30,17,-46,-48,55,-27,26,-42,-33,-21,-20,-4,29,12,-37,51,35,19,-50,-52,-47,28,2,7,-9,23,41,24,5,39,-36,40,-10,56,-25,-54,-16,-8,1,-15
35,-47,-34,25,-17,-51,-40,31,10,-9,52,53,27,-57,21,43,5,-45,-39,23,-15,58,-20,56,-4,33,-13,-38,30,-29,-8,-42,-26,3,-1,41,55,28,19,7,-36,32,-16,-48,18,49,2,44,-46,-54,6,-11,-12,50,-37,-24,14,-22,-60,59
24,-58,-35,-48,-25,22,-46,-23,21,33,26,-47,50,34,29,-56,-28,42,-36,45,-9,-6,8,-1,5,-11,55,17,-15,37,-39,60,-10,-14,3,19,-30,57,31,-44,53,-18,59,40,-20,7,12,4,-52,-13,-54,49,-41,51,-27,16,-38,2,-43,-32
-13,-54,49,6,14,-4,26,31,-41,12,44,-10,1,-5,33,51,-23,29,-35,-27,46,50,17,-32,-60,-7,20,40,-18,-56,-8,24,-15,-42,19,-37,36,-57,-55,-28,9,34,48,-11,53,-21,58,-43,-3,-22,-16,59,-45,2,39,30,38,-47,-52,25
-4,-35,-11,1,19,-50,17,22,-28,-12,3,10,56,53,30,-60,-7,37,-5,-41,48,-8,-26,-46,-29,23,-36,9,25,-15,44,51,38,-40,2,27,-18,-33,-59,34,20,55,52,-31,-54,24,-49,-21,47,6,-32,-43,-14,45,-42,-13,-58,57,39,16
23,8,-30,-20,-49,-19,-16,-2,52,-28,-31,-44,59,40,-26,7,41,-43,6,4,-32,50,-1,36,29,15,-54,10,-25,3,11,21,45,46,57,-24,-51,-60,53,-14,-17,47,18,12,-33,-34,-42,-55,5,-22,37,-9,-39,27,48,58,-35,-56,-13,38
-8,5,-40,36,-2,48,16,1,52,-28,-51,60,17,-34,54,-7,-13,22,31,50,43,-18,-26,-59,-33,23,-35,10,39,41,-19,-45,25,14,27,-4,58,-49,-29,3,-30,-44,-21,42,32,55,-57,-6,38,-20,11,-9,56,-15,-46,-53,47,-37,24,-12
8,-13,35,15,-34,-47,-30,-1,-54,44,-41,27,2,21,-4,55,33,51,50,60,-14,39,-26,-53,-29,23,-12,45,25,7,-56,-37,-17,5,-3,57,32,42,-22,-46,11,-38,59,-10,-28,40,6,52,58,-19,-18,-48,24,9,-16,31,-36,-49,-43,-20
42,-57,-45,-20,32,16,-28,-25,41,24,-50,-19,44,39,-23,-6,-40,36,12,4,-51,-30,15,-10,8,-52,-53,7,43,22,58,-5,-47,-49,-60,-18,46,55,-14,17,-9,-1,-29,-13,3,-37,33,-59,34,11,21,26,27,-56,-38,54,2,-31,48,35
13,34,-58,53,15,51,-33,29,17,-38,-59,-44,-1,-54,-5,-31,-9,-28,-30,-60,-25,-48,32,56,21,-35,-50,18,-8,19,16,-23,7,-2,26,-46,40,10,43,-37,42,-41,-39,12,55,36,-52,22,-57,27,-6,47,-4,14,-45,-24,49,3,11,20
31,-32,27,7,-36,-42,-4,30,17,44,-45,-52,-38,-33,57,-40,-9,-47,53,-21,20,58,39,49,-59,-34,-3,43,56,-8,-1,2,14,26,-54,5,-51,13,-23,16,60,6,-28,-10,11,55,18,50,-24,-48,37,12,-19,35,-46,-29,-15,-22,25,-41
50,-46,4,-3,41,-19,-22,28,34,-45,15,-36,48,-57,-11,31,-20,56,6,17,-55,7,-60,-32,-52,39,-42,-8,-53,43,-16,24,59,-9,-51,12,58,49,-26,47,-5,27,-30,54,10,2,-40,-13,-38,-1,35,25,29,-44,21,-18,14,-37,-33,23
-34,-44,-6,-24,-57,3,29,13,-41,31,-18,25,-8,58,-43,-47,-50,11,-60,54,-27,39,30,4,-12,-37,21,-56,-7,-23,-10,49,40,1,-48,-52,26,-59,-22,-33,9,46,15,2,-53,-42,16,35,-32,17,-55,36,45,-20,51,28,5,-14,38,19
31,-44,9,49,-59,57,-52,29,-3,38,13,15,-11,53,-12,-41,40,-32,45,-26,-56,37,-55,48,34,20,43,60,-8,58,-1,18,47,-25,54,39,-22,-10,-36,-17,16,-51,-27,2,-19,-50,-33,-24,-4,46,42,7,-14,-35,23,21,-6,-30,5,-28
43,-29,24,-27,40,35,36,48,-28,55,30,25,54,31,39,-19,46,-51,16,23,22,-21,-20,-3,-12,-37,4,9,2,-11,-14,34,-60,-32,-6,-7,26,-58,-15,-5,44,-52,-1,-41,-47,-17,45,-8,57,-59,18,42,-56,-13,-10,53,-49,38,50,33
59,3,-2,54,-21,14,-49,10,-47,-8,30,-19,-57,-6,-51,-34,-56,-45,12,-46,5,-32,48,-38,31,37,42,-29,28,-11,-25,22,52,16,55,-60,-26,24,53,43,-44,-27,-40,41,18,20,9,-23,7,-58,15,-33,-39,-4,-35,17,13,50,-1,36
-15,32,12,-24,34,49,29,28,-50,17,47,-3,-40,52,1,43,-10,53,48,42,33,-46,-38,4,-31,-60,-30,-8,-7,27,25,-2,-21,-5,37,-56,-35,23,-41,13,39,-20,-16,58,-59,22,-11,-19,-6,9,-54,-14,-18,51,-57,36,55,-44,45,26
-51,-38,-43,-45,-44,-19,35,9,-8,39,29,-14,57,12,59,-54,20,-25,6,-17,-36,31,-49,-37,18,42,-53,-30,-11,28,-22,55,47,-58,-7,21,24,2,-10,50,-60,-26,3,5,4,-48,-33,46,23,-40,1,-56,27,16,-32,52,-13,34,-15,41
20,-12,-60,-43,-23,-22,56,14,37,16,-42,2,54,-8,-45,-10,-53,21,26,-1,-18,6,5,49,44,-19,55,-32,59,58,46,28,-47,48,57,51,-9,41,-40,39,-38,11,4,-25,15,-31,33,-34,-24,52,-36,-50,17,-13,-27,-7,-35,-30,-29,3
44,-53,-13,-23,-35,8,30,-6,29,-48,34,-14,3,12,-55,-33,-20,40,21,17,-19,45,4,-51,42,-38,-56,46,-9,-7,39,-54,16,-11,5,-58,52,26,-31,-18,-49,-25,60,-1,-22,-28,-59,10,41,57,24,-37,2,32,15,27,-50,36,47,-43
5,-7,-60,9,-1,-37,2,-17,-4,-52,-58,-45,-18,57,-32,-31,8,13,-23,38,35,-36,19,-40,-55,-33,-43,54,-47,56,16,15,26,39,-21,22,6,-20,-34,24,-50,-44,27,42,12,-49,29,-51,46,41,48,10,-59,-28,25,-30,-14,11,53,3
49,-50,-31,-19,-8,11,18,5,-17,-39,-6,-53,51,-55,44,22,9,-7,4,-35,26,-16,-47,27,30,-21,-24,48,-37,-25,3,34,36,-32,20,-33,29,59,10,-43,42,-41,40,-15,58,-56,23,-28,-1,2,-13,57,12,-60,14,46,-52,-45,-38,54
-51,-48,-44,-12,-33,-50,-16,46,-31,49,20,4,36,21,54,7,-37,-24,28,-11,-14,23,-22,18,52,29,60,-19,-26,58,9,38,5,47,59,-13,17,-32,55,-56,43,-57,-41,3,-53,-8,-34,2,-10,6,1,-25,45,-15,-39,40,42,-30,-35,-27
-57,-3,2,9,29,12,-50,-18,-4,-15,-31,-6,-42,-30,10,-25,43,8,27,-46,-22,21,48,35,16,44,-19,-59,-5,14,11,55,-39,-37,-24,-47,34,-52,33,49,-56,13,-17,-26,-54,20,36,-23,-40,7,-58,38,-60,45,-32,41,1,51,28,53
26,24,58,38,-20,-39,36,-32,17,-56,59,23,-19,27,57,42,-9,-44,13,5,49,-41,-12,-2,45,-1,-14,50,-48,31,-30,8,-37,-53,54,-7,33,-4,6,-60,22,-16,46,18,-25,-43,52,29,-21,-28,55,-47,34,-35,-51,10,-15,-3,-11,40
60,-31,-30,20,13,19,54,-34,51,49,42,-22,-5,53,-18,29,-33,15,-6,-4,46,12,-50,59,-27,-38,25,47,-16,3,2,35,17,8,-32,-52,41,26,-58,48,-37,-11,-56,55,57,-21,-28,-40,-10,23,-9,36,-14,-7,-44,43,-45,39,-24,-1
28,12,7,-50,-39,-33,-3,11,51,46,-8,-2,-22,53,-26,35,-42,-32,41,-55,-52,13,-27,-25,24,15,23,-1,-60,49,-57,18,6,59,-16,-54,45,-43,5,-44,-19,17,38,40,-37,-10,56,58,-30,4,-9,21,-14,36,20,-47,31,-48,-34,29
12,-58,-13,-5,4,-35,-36,21,-55,49,29,-1,3,17,20,27,-14,23,-60,-15,-8,-50,-18,-32,41,53,-16,-38,-11,-52,-34,24,-48,31,6,7,40,28,-47,-37,-25,-45,-56,51,42,59,39,33,-10,22,-44,30,-26,-57,9,43,54,2,-46,19
50,-53,-37,22,-38,57,-27,-49,33,-58,24,14,-40,-12,51,-32,-52,55,-41,26,-34,-4,43,-11,28,-20,7,-25,39,-36,-47,16,-9,21,44,30,3,5,-29,13,19,56,-23,-35,-48,-59,31,45,8,-1,-15,17,2,60,-18,-42,-6,10,46,-54
-5,44,-58,54,1,15,57,-27,-24,-55,-56,-14,-19,12,-6,38,60,-31,13,-48,32,-28,-46,9,29,-50,8,22,-25,-51,18,-21,49,40,52,41,-45,-16,42,-34,-36,-39,59,-2,37,23,53,20,-33,26,30,-35,-47,-4,10,11,-7,3,-43,-17
35,53,21,-40,36,54,39,38,15,31,-52,-60,33,34,-9,-58,-32,-57,30,46,-3,-47,-50,-42,-27,-44,25,41,-55,-19,-10,17,-13,-14,-1,-5,-51,-8,-7,4,-28,24,-45,26,43,-20,22,56,-59,23,37,11,-2,-6,29,-48,18,16,49,12
26,-60,24,-46,9,-59,21,-54,-5,-28,-33,-23,55,-15,14,-52,18,-17,-57,-43,-7,48,12,-3,-34,-1,31,10,-35,38,-27,-39,11,25,29,40,58,-30,32,-36,44,56,20,-41,-51,4,53,-22,-50,49,45,16,-47,8,-13,-42,19,-37,6,2
30,47,-58,-34,-44,-38,-27,-37,43,-53,-12,11,-45,33,32,51,25,60,-35,-29,-48,-50,-42,55,-17,-56,7,-39,20,-1,-52,-15,-14,4,19,-54,8,6,28,-49,59,23,-9,5,13,-57,-2,21,40,22,-16,31,10,36,-24,26,46,3,-41,-18
-50,54,-21,-37,44,-42,-14,22,-52,49,-51,-34,36,7,-41,33,-56,32,-53,-60,3,-8,-30,-57,-39,48,29,-45,-27,23,-35,-18,-16,12,31,-13,4,-47,25,-46,15,6,-55,-5,28,40,38,-26,-10,1,11,9,19,-2,43,17,24,59,-58,20
34,56,54,-27,-42,-59,-46,-24,-43,-26,-35,-40,38,57,-49,60,-21,20,-22,-18,17,19,44,8,-39,10,4,-47,36,32,51,-30,41,-1,11,-29,-50,-13,25,12,-33,5,9,-23,52,7,28,53,15,37,-31,-45,-48,-3,-58,-2,-14,55,6,-16
-29,36,14,20,-57,-11,25,-22,38,-54,6,-26,-31,-3,48,45,-50,30,-42,-4,-49,8,-60,47,-7,12,-34,58,1,-18,13,35,55,27,-32,-2,-56,-9,51,46,-59,19,-53,52,-16,-40,-24,-15,21,17,-39,-44,43,10,-33,37,5,-28,41,23
50,3,-2,-45,-17,60,12,58,-44,-30,31,-7,-20,38,42,56,5,33,32,13,-35,-55,47,27,59,28,-24,-26,-57,10,-11,-19,-18,43,21,40,54,-14,-51,-36,53,-15,-34,9,4,-49,-23,-52,46,-1,39,48,-41,-37,22,-16,29,-8,-25,-6
12,-23,-58,30,41,-35,45,54,-55,-13,44,-1,10,17,-50,34,-14,49,40,-59,51,-29,2,57,-31,-43,-36,37,22,-4,25,53,47,-16,6,27,-28,48,-60,-19,-5,-56,26,-11,-7,-52,-33,-38,-18,15,-21,46,-32,-8,9,42,-24,3,20,39
6,-48,15,-46,-9,-1,-39,52,5,50,-49,-38,30,-33,-3,47,-23,-42,-21,51,19,-45,17,-59,-57,-37,-40,54,44,-13,-32,31,14,-41,55,60,26,12,7,27,34,18,-58,-29,22,4,-16,2,11,-10,-20,-8,56,-28,-35,-53,25,43,24,-36
35,-7,47,-55,20,-17,2,9,-8,-12,37,10,-32,-57,-39,-22,6,-27,-45,-5,43,16,36,-56,31,-34,18,60,-30,29,-25,13,50,26,-1,-23,-11,49,15,52,44,51,-21,-41,19,-48,-3,46,-38,-33,-42,-40,54,-53,4,24,14,-59,58,-28
-48,-39,-46,-41,-27,49,10,58,-40,-7,-42,28,45,51,32,50,33,21,-31,-38,-18,36,-54,-53,-35,44,5,-12,-37,-55,19,-15,-17,59,25,-22,29,20,2,9,4,11,-52,-26,-13,3,-57,1,-6,-16,-14,43,24,23,30,-60,47,-8,-34,56
-56,-7,-16,27,59,14,2,-46,-17,51,19,29,28,-6,-53,3,9,52,-11,-26,38,-34,37,39,-44,20,-4,-13,-12,48,54,47,45,22,57,-50,-23,-21,-24,-55,42,-41,49,25,-33,8,-32,-30,-43,36,-10,-18,15,-31,40,1,-35,60,-5,-58
36,-14,-20,-57,-29,23,54,55,27,35,19,21,17,2,22,-52,-13,46,-11,3,-12,-15,-6,-30,-49,31,-9,59,5,24,-26,-41,-37,40,-10,-1,33,-44,-60,-34,32,-50,-45,38,43,-18,-51,56,25,42,47,16,58,-7,-8,-48,4,-53,-28,39
45,47,-22,41,-39,-10,51,13,-55,6,-27,-59,-8,-28,-54,17,-16,-56,-40,-34,57,3,32,-30,35,-42,11,14,-60,24,50,-23,-36,20,-25,33,44,-58,5,19,-4,26,-52,-37,-1,-53,-2,-49,48,-31,-7,43,46,15,9,18,-21,38,12,29
-6,-57,-40,-12,46,1,24,13,-28,34,-37,4,-8,-51,39,50,59,58,-25,44,32,27,30,-7,19,-38,-22,9,35,-23,-53,-21,45,-10,-29,-41,11,26,-15,3,36,-43,42,-20,-33,-5,49,52,-47,-16,14,-48,31,-55,54,60,2,-18,-17,-56
-30,-15,16,-19,-24,28,33,-42,-56,50,17,18,-49,20,2,-3,-11,-12,4,-14,-32,36,-27,5,-57,45,23,-6,-52,1,40,21,-7,-35,34,-22,59,-48,51,-31,60,8,-44,43,-26,47,-46,38,13,-10,-39,29,-54,53,58,9,25,-55,-37,-41
29,-25,-28,-32,59,60,-9,33,7,18,-53,-35,22,-52,43,-58,34,-10,45,41,47,-13,51,39,2,44,-50,3,-1,-40,-54,4,-8,-17,12,-57,38,-37,-24,30,-20,-46,-15,-26,-19,42,-21,55,-56,27,-23,14,11,31,-48,49,36,16,-5,-6
-25,18,-47,-21,38,22,41,34,20,-30,48,27,-57,50,51,56,-39,-2,-29,-9,4,-6,49,35,1,44,-12,-31,19,10,28,-45,-37,-8,-24,53,33,-5,17,-42,-7,40,52,-26,32,-60,3,-11,-23,-14,-15,-43,-36,55,-54,-16,13,-59,58,46
33,50,-58,-11,-45,-18,16,-53,56,-20,4,48,-40,-41,55,-7,42,6,51,10,-26,-38,-32,-35,54,21,34,57,-47,39,49,23,-1,-27,24,44,43,22,-30,13,14,-17,-37,-36,5,52,29,-12,-31,-2,-19,-46,8,-25,-15,-9,-28,3,-60,59
56,36,-45,-24,-35,57,-32,-46,-31,52,-28,-15,25,-49,12,-38,-33,37,44,-23,43,55,20,4,-13,-42,60,11,30,-29,9,7,17,48,5,-2,-18,16,-40,39,54,26,-21,-19,3,8,-59,-34,14,-58,-53,-10,51,-41,-22,-1,-6,50,47,-27
-21,-22,20,-41,-10,-12,59,-29,16,5,-18,6,-30,-46,37,-9,40,11,23,-3,1,2,-19,36,39,-47,53,35,8,13,-49,44,-42,-38,-28,-24,-15,34,-25,-17,4,33,55,-32,48,14,26,-45,31,-57,-56,58,-27,-60,-43,51,50,-52,-7,54
-9,19,12,-8,-33,48,-20,4,1,55,-22,-3,60,-28,40,-37,-49,31,-2,7,-53,11,35,-25,24,-34,42,14,58,43,-18,-46,5,26,-23,51,16,-56,59,-15,45,-27,-30,-47,-41,32,44,-6,17,-52,-36,50,21,57,-10,38,-54,-29,-39,-13
15,-57,12,-31,-17,48,-38,30,47,40,-16,-3,-29,56,-1,11,5,32,21,-46,-19,24,26,-22,39,-23,-33,53,13,-8,4,-18,27,-49,-59,44,-50,7,-25,-10,58,-52,-45,-36,43,20,-9,-6,34,37,60,42,-28,55,-54,-14,2,-41,35,-51
-24,-10,22,-20,60,57,-30,43,-16,2,-53,26,14,-13,47,9,27,32,-58,4,52,-3,-38,1,28,-12,-17,-25,-45,7,-36,-18,-46,40,48,31,-41,23,-55,-34,37,59,-8,-51,29,33,-15,-35,54,-56,44,-21,11,-49,39,50,-6,19,-42,-5
-31,-51,14,56,-60,8,-41,-6,13,39,-23,-38,-9,-3,47,-22,-45,-49,59,25,-40,16,11,-48,-20,27,-26,-29,28,35,1,53,-43,-46,-30,-44,58,12,-10,21,7,-57,33,36,17,34,-15,24,18,52,2,-50,-32,-55,54,-4,42,-37,-19,5
49,47,50,52,-32,-37,-51,-58,-19,46,-18,-55,-57,-16,35,14,27,11,9,26,34,48,54,29,-42,-20,-17,-45,-24,-33,38,5,30,-21,-15,-56,6,-31,-53,44,60,25,59,-40,28,-10,-2,-22,-1,-3,7,-4,39,-23,12,36,13,8,-43,-41
-11,29,-22,-51,-45,54,21,33,48,39,1,42,-44,40,53,-47,24,-41,46,26,-7,3,31,-17,32,-20,59,52,-2,43,-23,-25,-8,-60,38,49,57,-35,-10,-14,18,-12,-30,13,5,-19,16,-9,-36,55,4,-28,-15,-6,-50,-58,-37,56,-27,34
39,26,25,-43,6,-5,-48,56,19,14,15,22,-57,-10,-11,53,33,-21,-9,-49,18,-12,-40,-29,-3,-2,51,-59,24,-36,41,-47,-17,-37,52,30,34,-46,-1,23,-31,-58,4,-50,-54,38,32,7,20,44,-27,-35,-16,45,-60,-8,13,42,28,55
42,17,-5,-22,3,48,31,-16,46,39,-59,-38,43,-57,36,8,-2,30,-55,56,33,4,-35,-32,27,-49,-25,-60,-52,-18,-7,24,-21,37,23,-15,-34,12,-10,47,-51,-1,-13,54,58,-9,-40,-6,26,-53,41,29,50,-44,19,-20,14,-45,11,28
48,33,-25,16,6,-5,13,-30,-14,28,-31,-43,-7,9,-36,-4,-51,57,-37,56,46,40,32,-38,3,-54,41,-10,58,8,11,-23,-2,49,42,15,19,24,59,-22,-27,-35,12,-47,-50,-21,44,-1,-34,45,17,53,-52,26,60,-20,-18,-29,-39,-55
-46,-5,-25,60,2,-7,6,56,55,-48,-15,-54,51,-30,11,37,-49,57,-50,33,-34,-35,-39,-41,3,-58,-31,-53,36,14,27,-59,-20,21,22,-29,-16,-47,23,44,24,43,-42,-40,-52,1,38,10,17,19,-13,45,28,12,-9,-8,-18,26,32,-4
6,-3,2,-9,-12,-1,-36,-33,4,-39,30,5,-32,-24,-38,-17,16,-59,-43,52,31,48,-54,14,42,40,50,57,46,-11,-21,13,8,-53,55,7,60,15,10,-26,-44,-25,19,41,-47,-29,45,-22,51,-27,-49,-20,34,23,-35,-58,-28,56,18,-37
27,-17,-19,18,-12,31,47,-25,-48,33,-36,5,-34,-54,-58,50,2,-4,3,24,39,49,30,-20,8,-41,-1,-59,45,-23,-6,57,-10,13,51,11,-40,53,-21,37,26,-44,-55,42,-29,56,-7,9,-22,-16,-35,-60,-38,14,43,-46,-32,15,28,52
-24,37,7,59,-29,57,-3,-35,18,-55,44,47,30,-23,-38,-40,21,-9,-54,-45,-17,-42,14,1,-28,-31,-58,25,5,-13,26,-33,32,39,8,-49,-2,15,-34,16,56,22,60,-11,20,-53,-12,-51,36,-52,48,50,46,19,10,-41,-6,27,-4,-43
2,-1,-53,-52,-14,-43,-21,-50,54,-57,-29,20,31,5,33,-37,-22,-58,56,-12,7,17,-55,48,60,-51,-36,47,11,42,-13,-35,-15,-44,32,27,16,-41,49,-45,38,-30,6,34,40,-59,-28,-24,-39,8,26,4,3,-9,23,-19,10,18,46,-25
-32,29,23,48,-51,-20,-54,-17,45,-47,38,43,50,56,-28,33,8,22,-34,6,53,-18,-3,31,-26,25,-57,15,-2,40,-24,1,-16,19,-59,-55,49,-11,-60,-30,52,-46,-12,58,-9,42,10,-4,-37,-13,5,-41,-21,7,36,-14,27,-44,35,39
37,-7,-18,58,-26,32,2,9,-8,-43,-33,-59,49,23,57,42,-55,3,39,40,-22,21,-14,53,-28,5,-56,25,50,52,48,-6,11,-45,-36,35,-1,41,-19,-20,-38,-16,10,-54,34,-60,51,-31,-13,-29,-47,-30,-24,44,17,27,-15,-4,12,46
-42,-40,-7,-46,-48,10,3,20,-15,-6,27,-52,56,59,9,-18,50,16,-24,-8,-43,-44,58,19,39,-29,-11,-38,26,-49,-45,41,47,-57,-37,55,35,28,-25,2,-32,1,21,22,31,4,-33,5,30,-17,60,12,-54,53,-36,-13,34,-23,-14,-51
-56,-8,54,13,-22,-47,-55,2,46,-38,51,-23,-4,44,-19,36,25,-29,15,26,34,5,12,-28,-17,-20,31,24,18,37,-27,50,-58,-21,40,-16,-30,10,-59,-35,-57,-53,-60,-14,-52,-9,6,49,-48,-32,-11,45,42,-3,7,1,41,33,39,43
13,56,-48,22,21,-39,12,35,-17,59,27,-7,-1,43,36,-52,9,60,-45,32,-5,-4,26,-49,-38,-23,-11,-30,47,28,-57,-20,55,44,-8,-15,-54,25,6,51,53,50,-14,-34,19,-58,-29,3,24,-42,-40,16,-41,37,-33,-2,31,46,-10,-18
48,-25,-43,60,44,-21,15,47,23,39,34,36,54,-32,-7,24,-22,-46,29,35,6,17,-9,-16,2,-49,-55,-42,-19,-38,58,14,-52,-11,-20,-12,-50,30,-10,-51,57,28,3,-5,-59,18,-8,-1,26,37,40,33,-56,-13,27,53,-41,-31,45,-4
11,-38,40,-35,30,22,-18,50,44,-21,-1,17,48,55,-58,57,-12,7,-51,-36,10,-6,-33,-29,-28,-43,-34,25,24,-5,-60,42,23,27,4,20,-54,2,47,-3,-46,-32,26,-9,53,41,-39,-13,56,-8,19,59,-45,37,-14,-49,-16,15,-52,31
-37,-35,-11,-53,-7,-16,5,-31,-55,42,3,46,38,52,26,6,-27,-40,43,-56,45,-48,50,34,-44,-15,17,-32,57,39,8,28,-60,-24,2,-58,1,-13,-30,18,47,-10,-19,25,-21,-12,-41,22,54,-23,59,-14,4,-49,9,20,-29,36,-51,33
-12,8,47,40,-10,53,24,-2,28,5,32,1,-59,37,-39,-31,-33,27,57,-55,35,-52,48,-7,-26,25,-18,-9,-34,42,16,-11,17,29,-21,43,-14,54,15,-4,60,-30,-36,56,-46,45,-3,-23,-50,49,-58,22,-6,-38,20,-44,-19,51,13,-41
51,19,49,-50,-46,-30,-33,17,-53,-13,-12,11,10,23,45,-42,-8,-35,-2,34,60,-25,-14,-26,22,24,29,-58,-27,6,44,-39,7,-20,18,-55,54,57,32,52,56,16,47,-31,-15,5,-43,59,-3,4,-1,-40,9,-37,36,-41,-38,28,-48,-21
39,55,54,-47,23,-40,25,-30,11,41,-9,-38,52,27,-34,-36,-42,56,-45,-49,26,33,-5,-35,-7,-21,-14,59,48,8,46,53,-22,15,24,16,-58,12,-1,6,-10,17,44,-43,19,-31,4,-29,20,-60,57,-13,-32,-3,-2,-18,-51,37,-28,50
-51,-6,34,-60,-29,2,22,-49,17,-32,-44,-39,53,40,57,55,-9,-46,-45,-21,20,-7,-41,37,-35,-58,50,-59,5,48,-47,10,-43,-3,25,-54,-24,-42,12,-14,23,38,33,11,19,18,31,-30,8,-27,1,-56,-13,36,-16,52,-15,26,28,4
-39,-16,-19,-31,11,14,34,-22,-49,-47,-5,-45,-53,-6,21,2,-41,-28,3,32,-15,8,40,59,30,56,-50,18,42,-25,4,-20,-52,-7,44,-58,-60,-54,1,-23,17,-29,51,-35,12,-48,10,46,9,27,-43,33,13,38,57,-26,-55,36,-24,37
26,23,-17,-21,24,-22,31,32,-36,-14,47,44,27,10,40,-28,3,38,-42,56,4,6,-2,-5,60,-1,-13,16,33,53,-7,-8,-29,-46,59,9,-51,-18,-49,-15,54,19,57,-12,50,34,-11,-58,39,-45,37,-55,-30,-41,52,-20,-43,48,-35,-25
-14,-40,41,28,-27,26,-57,-33,-44,18,38,21,52,1,56,22,37,-10,35,39,-12,-16,-54,-48,30,-6,5,-4,-47,-25,-55,51,8,-59,-19,-42,-17,-11,-20,2,-3,36,-58,9,-49,-50,29,24,45,46,-32,-13,-60,23,31,-15,7,43,34,53
-4,37,-40,1,-19,-14,-33,-59,-50,-31,-18,51,-26,6,-36,-17,16,11,5,-38,-42,47,49,39,-41,13,-52,-48,-54,44,10,34,7,-32,43,15,-2,20,-24,3,25,21,-35,-30,55,57,-22,28,-23,9,-12,27,60,29,-45,58,-46,-56,8,-53
-40,-41,28,-42,-37,49,9,-25,-7,34,-12,11,-22,31,-44,-46,-50,-27,38,23,32,13,-20,47,8,48,18,-3,-45,36,-14,-21,43,-10,-52,-30,5,-19,60,1,2,4,-33,15,29,16,-24,-26,-6,17,58,35,55,-57,-53,59,54,-51,-56,-39
5,47,-23,55,-1,13,-49,39,16,-33,52,-60,-6,54,31,-9,46,-28,-43,-25,30,-58,3,-34,20,35,-41,18,-36,-21,-15,48,10,24,-26,29,-45,44,-8,-42,27,40,19,-38,37,-17,-2,-32,7,51,-50,-11,56,-14,-4,-53,59,22,-57,12
-13,52,-10,-23,20,-48,-51,-60,30,3,33,-50,1,29,-53,-25,-41,-38,-21,-5,19,-40,4,27,16,-56,-24,-46,-14,-9,54,-36,-11,58,-47,32,59,18,-42,22,17,39,-49,-45,44,28,35,6,43,12,7,-2,15,-31,-57,26,55,-34,-37,8
24,-38,-50,-30,32,-39,8,-7,18,-37,-56,-54,-27,51,29,57,-19,-9,17,44,-45,-49,47,-1,-36,-42,13,-35,-15,4,58,-5,-48,-41,28,25,10,2,6,-60,34,26,55,-20,21,-52,-23,33,22,3,-14,46,-59,12,-43,11,-16,-31,53,40
-60,17,-23,-28,22,-59,-55,-31,-12,-38,15,9,-57,-20,-11,-58,-2,-36,47,14,-54,-5,3,45,-52,44,-32,4,-56,-51,8,27,46,-48,40,18,-50,10,43,-35,49,53,-39,-26,-24,-33,-19,34,-41,37,30,25,-42,21,7,29,13,16,6,1
42,32,31,21,24,-23,13,-17,45,-47,-57,-60,-7,25,-54,44,8,-27,59,-41,-4,-30,6,-5,-14,49,18,43,52,22,-3,-2,-36,-37,56,33,34,53,55,-50,20,-1,-28,-16,-9,-51,10,-58,-26,40,46,-29,-38,15,-39,-35,11,48,-19,12
-29,-25,14,46,-20,-55,-37,22,-24,-30,-19,23,-39,-3,-36,48,-40,53,11,5,60,-8,-12,9,2,27,-26,44,1,10,-34,-33,32,31,47,15,7,-56,13,17,54,43,-42,-28,57,-4,-35,-16,59,-58,52,-51,-18,-41,6,38,-45,50,-49,-21
