-32,9,-5,39,3,21,30,27,-2,-38,43,-36,40,31,35,-53,-18,17,29,-33,-6,-49,28,37,-46,51,-8,-23,-19,-7,-14,1,20,47,-15,12,-24,10,-4,-13,-52,-44,-11,42,-48,25,-34,45,22,54,-26,41,16,-50
-26,-28,15,-47,-32,40,53,13,10,-9,-31,-20,-8,-39,-3,22,19,38,-17,12,50,-16,-41,-34,-45,1,-36,2,-52,-37,11,5,51,24,48,27,30,-18,14,-6,23,54,-44,43,25,-49,4,-35,46,-21,-33,29,-7,-42
-50,-30,-6,29,-52,3,-27,-51,26,34,-32,38,47,-25,36,-23,-41,-22,49,37,-48,18,16,54,14,-9,7,45,-4,2,-33,11,31,-10,-46,-15,-20,-12,-53,-44,17,-43,42,40,-28,35,-13,21,-19,1,8,5,39,-24
26,35,-15,42,-29,-28,-36,-19,-46,51,-22,49,34,-40,3,44,37,25,8,43,41,11,-45,-50,-18,-1,38,6,5,-54,47,-48,-53,-13,-2,7,-17,-27,52,14,-21,-4,-20,-16,23,9,-31,32,-12,24,-10,-39,33,30
10,-32,-29,-26,6,-5,20,46,37,-1,44,45,30,39,-17,-43,15,-41,-25,-7,-23,-54,21,27,19,4,-24,-33,3,-13,-42,2,28,40,-38,48,-9,35,-14,-34,18,31,16,-11,-12,-8,52,-36,-51,-53,49,-47,50,22
41,12,42,40,38,32,-25,-14,22,39,23,-2,-17,8,-46,-51,13,50,-27,-37,43,-9,-11,-35,7,54,19,44,-48,34,36,-6,-47,-30,24,-31,20,-5,-10,-4,-1,-3,-21,-28,-52,15,33,29,53,-18,16,45,-49,-26
-33,-10,-44,-54,-6,5,26,-52,23,2,-24,18,39,-35,30,-28,-27,-12,-53,38,-22,21,-9,11,-42,-7,17,16,-43,-15,48,-50,1,51,14,-40,-49,-20,-13,36,45,25,29,3,-41,47,-46,-31,37,32,-34,8,19,4
-16,40,-39,-46,-26,9,33,32,-6,53,-36,-19,-20,-17,-50,1,14,-52,12,13,25,-41,24,-23,-21,5,-43,-45,-30,29,-51,-8,-7,44,-49,11,-38,37,3,-2,22,-54,27,-34,28,4,-48,47,35,15,31,18,-10,42
34,26,44,33,19,-38,-48,50,-18,-31,-37,51,-27,46,-42,-39,52,9,-5,-32,54,30,43,-45,-53,-2,13,35,36,-22,10,20,-4,-1,-28,-29,11,6,16,49,-47,15,-23,-3,24,-14,41,7,-40,-8,-12,-17,25,-21
21,-46,-32,-9,-18,23,-34,-25,4,-43,26,-40,16,49,20,-13,44,5,-33,-15,-1,-28,-6,53,8,-11,-47,22,39,36,-35,3,19,7,31,-30,54,-45,-29,12,48,52,10,-17,38,2,27,-41,-14,-51,50,-42,-24,-37
30,-29,-20,45,34,25,-43,-11,-52,-49,8,15,-38,-18,-12,28,-23,14,48,3,26,47,17,-37,-6,-21,-32,-16,2,-1,33,27,-31,-5,-40,46,24,13,42,35,51,-39,7,53,-4,-36,-22,-19,10,-54,-41,9,-44,50
-49,21,18,-30,-22,29,41,-20,-11,32,9,-33,-52,44,39,31,-34,-3,47,8,-2,5,-51,-53,-50,40,43,37,-6,4,-16,-10,12,17,-36,35,-28,45,-15,-26,-7,48,-27,-14,-38,-54,-19,-42,1,25,23,13,24,46
-3,24,1,-8,-53,-25,-19,4,-10,9,-18,17,49,23,-26,-45,-12,11,7,-31,22,-21,-14,-2,6,15,51,-47,-37,-35,20,33,-32,-52,30,-50,29,-44,46,-41,40,43,-42,38,16,-39,28,54,-13,36,-27,34,5,-48
5,-23,-54,-14,-1,18,13,-22,-28,-51,34,-15,-7,4,12,41,33,-6,-43,52,47,8,2,31,-36,39,-38,9,53,-40,-24,50,-17,-11,-42,25,49,27,-26,30,-16,35,19,-48,-46,45,-21,44,-37,-32,10,-20,-29,3
-48,11,16,27,37,36,-30,-43,17,12,-2,-10,-39,-23,46,-3,-9,21,53,49,-18,-25,14,26,22,-24,-4,-44,-51,7,45,47,52,-54,41,-6,-5,-50,13,-42,-35,40,8,28,-31,-15,-32,1,-20,38,29,-33,-19,34
-52,41,19,44,-39,-29,25,-38,-34,-50,42,14,20,-12,-51,35,47,-54,-3,-13,-46,27,33,-49,-7,-36,-22,30,6,-28,53,-40,-23,9,-16,26,-45,8,5,32,-2,-11,48,-4,37,21,-17,-43,24,10,15,1,-31,18
23,-35,32,-53,40,-15,-50,33,-41,-44,-26,-25,-48,-46,6,-47,54,30,36,24,28,34,-1,-20,12,11,49,-21,-45,-18,42,-3,-8,-22,2,-19,43,-52,51,-5,9,-31,-37,10,29,14,16,13,-27,7,-39,38,4,-17
8,52,-38,-51,-30,24,-10,-1,54,7,-21,22,25,17,-16,15,-14,-48,35,-29,11,-12,-42,-6,-13,31,39,50,20,5,-26,-33,32,-40,-19,47,53,3,-27,34,-45,23,49,46,41,-44,-36,18,-43,-28,4,-2,-37,-9
-20,-18,8,37,-24,45,35,-3,36,19,-33,43,26,-34,53,-17,16,2,-10,1,-50,51,44,5,38,-13,-41,42,48,47,-52,54,11,14,-7,-9,-4,-25,-49,46,27,-28,-12,-23,-6,-40,-30,-29,39,21,-22,31,-15,-32
-22,47,12,15,-48,-44,-8,7,13,-26,28,-3,-9,-43,-4,-50,-24,52,38,41,35,1,39,17,32,10,-29,-11,27,49,-46,-25,37,42,-21,-45,-33,-19,-23,-54,-20,-34,14,6,36,31,-2,5,-30,16,-53,-18,51,40
-44,-7,-35,-48,14,-19,2,36,-47,-54,-15,32,45,-5,11,-31,-20,-24,6,17,52,-34,-40,18,50,-27,26,-46,42,-51,16,-12,-39,22,3,-8,-41,-53,33,23,37,-29,-49,1,-13,28,9,4,43,-25,30,-21,38,10
24,-16,-10,-33,-28,34,31,-13,-43,3,22,30,8,15,-14,2,35,39,-42,-36,-52,-11,53,-1,-32,-41,-51,5,-44,-12,-7,25,4,-6,-17,20,40,47,-18,-37,26,19,9,29,48,-50,-38,-45,54,46,27,21,-23,-49
-2,1,14,-35,13,-50,21,-53,-22,20,-41,16,-5,-3,18,-12,31,-15,-26,-10,-7,9,-29,-40,27,19,-25,49,23,42,-17,-45,38,-37,4,-46,34,-33,-43,24,11,-30,39,-47,32,36,44,51,-28,6,-48,54,8,-52
15,29,17,38,-8,13,-35,5,44,-14,-54,-23,-6,10,-1,26,-3,-21,51,-53,18,-39,12,32,-37,-16,41,34,-2,40,-47,-24,36,-28,7,-33,25,-4,22,-30,-27,-48,-46,-9,49,43,31,42,-45,-52,-19,50,20,11
-18,6,-27,52,-13,-2,-41,39,40,33,53,-54,5,-42,45,48,28,1,24,21,-20,35,-31,-19,-34,36,3,-17,46,38,23,44,-10,25,-22,-26,-51,-30,-8,-9,7,14,50,-32,-15,-29,-49,-16,47,-43,37,-4,-11,12
19,-22,21,-13,17,48,28,-26,-12,30,-27,9,4,24,-39,50,-5,31,-1,-40,-3,2,-53,-14,46,8,11,-7,32,-10,-18,-29,-44,37,42,41,-34,51,15,20,-36,-35,-45,33,43,-25,-52,-6,-54,-16,-38,47,23,49
14,-43,-49,41,-9,10,36,-50,5,-6,-47,-28,18,-1,54,-34,29,-13,27,22,40,-20,-33,25,-24,53,-19,12,-17,-39,-37,42,23,16,-45,-7,31,48,30,-21,-4,-32,2,-46,35,44,11,-38,3,8,-52,51,-26,-15
-10,-41,-14,-52,25,-21,-49,-30,-35,1,38,54,32,3,-22,24,-36,47,34,-44,6,15,26,-16,-5,-23,-48,-53,43,8,39,-13,-42,-19,9,17,45,-11,-31,50,2,33,-29,20,-37,-51,-18,27,7,-40,46,4,28,-12
48,50,4,-3,41,51,-12,45,52,44,-14,7,-25,11,-33,-20,-22,40,46,16,-54,17,-47,49,13,30,36,39,37,-26,-32,31,15,53,43,-27,-29,-42,-28,-18,-5,38,-35,-10,-8,-19,23,-1,-24,-2,-6,-9,-34,21
11,17,-53,-29,-54,-18,47,37,-36,31,-1,-49,-15,-45,13,-27,-2,6,-32,-23,44,-30,20,42,26,-25,16,33,4,22,-10,19,-28,-51,-50,9,-8,-39,38,48,-43,-24,41,-21,14,52,-7,-40,12,35,34,-46,3,5
-6,-4,-25,2,36,1,-32,11,29,-15,-8,-52,24,-47,10,-44,41,-35,54,-34,-26,-37,30,-13,3,21,-53,-49,-9,-23,50,7,-46,20,18,-5,22,40,45,-38,-17,51,-48,16,-39,33,14,43,28,-31,-42,12,27,-19
-7,43,33,-31,-17,-54,1,-24,-27,-18,14,37,-41,-11,29,53,5,10,-34,47,23,45,-21,8,-44,-35,9,-51,-15,48,4,-52,-3,19,26,38,-12,-36,-50,-49,13,46,-2,25,-22,-42,-20,-30,40,39,28,32,-16,6
-53,37,51,30,-42,15,11,28,32,24,-7,13,-12,16,-6,-14,-47,-31,-38,-25,-33,43,29,-10,20,50,-40,-8,-23,-4,18,-9,21,-45,52,54,-2,19,-46,27,-44,5,-22,41,34,39,17,49,-48,-26,-3,-35,1,-36
13,16,52,-34,-7,-22,5,-45,-49,37,48,33,-1,42,-28,-2,27,19,-18,-43,46,6,-38,39,31,44,-17,15,30,-29,-25,-47,-12,4,-54,50,-10,23,-24,-53,-51,-14,20,-26,8,-21,32,-11,9,-36,41,-3,40,35
53,-15,-33,28,42,-41,-23,10,46,-8,-17,-27,31,29,2,-19,11,-45,16,36,-49,-40,7,-32,47,43,12,-4,-14,54,-13,24,3,-39,-52,-20,51,-48,34,22,6,-5,-26,50,18,-9,-25,38,21,-44,-37,35,-1,-30
-28,7,25,22,39,-35,-2,14,53,-42,-48,-37,41,-8,-24,23,-19,-34,17,51,-32,-4,-16,15,-3,-29,-49,1,26,45,46,21,44,18,6,43,12,-54,-5,52,-13,10,-36,-33,-30,-31,-50,11,27,47,-20,-40,-9,38
16,32,-21,-11,35,19,29,49,-24,14,4,-43,-54,-10,-48,-1,-39,-26,-6,-28,3,-31,37,9,30,18,40,20,-7,-25,22,-2,47,-46,-5,45,-23,44,17,-27,-50,-52,12,-38,-36,34,-33,15,-8,41,53,42,-51,13
-4,-19,20,1,-40,37,23,-15,14,-39,50,48,29,-9,8,-52,-49,46,2,-3,-51,25,-7,-42,-22,33,30,-32,-13,-27,-44,28,-26,43,38,-41,-6,-35,10,5,36,24,-34,31,-53,-18,54,-12,17,-11,21,16,45,-47
36,53,47,-15,24,-10,-46,22,33,6,-34,-38,-16,52,4,13,18,-17,-31,-45,27,-8,-37,-5,49,35,-21,41,-42,50,19,-51,-9,11,-26,-1,23,12,48,43,-28,29,-40,-54,20,7,-3,-39,-25,-30,32,-14,-2,44
-8,25,-23,-49,-10,-47,14,1,-29,5,27,31,-43,-7,17,39,-15,53,-50,32,38,-35,3,40,-2,-30,-11,52,9,26,-12,-20,46,-44,22,51,-48,-21,-16,-24,-54,-45,13,34,42,-33,6,37,4,19,-36,-28,-18,41
-43,-13,34,7,16,-48,-4,-23,-31,-11,10,35,2,-28,-47,-5,50,-46,-21,-49,19,-26,8,-51,-30,22,37,14,45,25,9,38,-40,-3,-12,42,-27,-32,54,33,-53,-36,1,52,-29,18,15,6,20,-17,24,-44,41,-39
18,51,-31,-16,27,12,8,-7,-37,-19,24,-6,-45,35,-38,4,21,-1,10,28,-17,50,34,-11,36,48,-5,-20,-33,-43,3,-54,29,-23,-14,-25,9,15,44,-52,46,-49,30,-39,13,-41,-53,-26,42,-22,-2,40,47,32
43,44,53,31,-36,-42,-20,29,11,28,-9,-47,-50,40,41,19,-32,48,-16,7,30,-24,-26,22,-33,23,37,-10,-8,-21,-4,17,25,38,51,5,-27,-34,-45,-14,-15,6,-1,-2,39,54,12,-18,-52,13,-35,49,-3,-46
-13,49,9,8,-15,-37,27,-4,-3,35,-20,-16,1,-29,5,12,-38,-33,52,11,48,36,-24,23,40,-46,-7,53,14,-41,32,-31,18,-47,-10,-22,6,17,-54,-25,30,-50,51,-45,44,26,34,-21,-2,42,-43,-19,-28,39
4,-25,46,-1,31,20,9,-54,-7,-32,-40,28,-14,13,-44,-38,43,27,-35,-6,-29,-23,22,33,2,-42,-18,-12,21,37,-5,10,-24,-53,19,-48,-30,16,-41,11,39,26,-17,15,-50,-3,-51,36,52,45,47,-49,34,8
-51,13,-18,20,47,44,10,34,12,-7,45,-9,-2,50,-25,-42,-46,3,-39,-4,32,38,-30,-52,15,28,-33,-26,-36,23,-49,-21,27,-8,-37,29,35,-22,19,41,-40,16,54,-6,-11,17,-5,-53,31,-14,1,24,48,-43
29,-11,48,-50,-44,-24,-54,-12,21,47,2,8,-23,36,-20,52,-43,-42,33,15,-9,-27,13,6,-31,45,22,40,-1,51,25,37,-19,46,49,-14,-32,-41,53,-28,38,18,17,5,-26,-34,-10,-3,-35,4,-30,-16,-39,7
9,-51,6,14,-12,-3,-13,-37,-1,41,-45,5,7,-4,24,30,40,-29,-47,42,-39,23,-22,-15,-26,25,44,48,18,-16,38,-53,-52,54,50,49,8,-31,21,-17,-10,-20,46,-27,11,-43,19,-28,-36,-35,2,33,32,-34
-42,10,41,-38,18,28,51,16,24,-2,35,-13,12,26,-36,-8,34,-5,39,-21,20,-48,31,-9,-54,-14,47,-6,-32,-33,-23,29,30,-17,-11,15,-46,4,-19,44,-3,1,-53,-40,-49,37,-27,22,45,52,-7,-50,43,25
50,23,-4,3,-35,-20,-9,17,7,-34,33,-51,42,48,21,-30,-8,28,-24,6,-15,29,-2,19,52,-54,-37,-18,-22,16,-40,-46,-11,10,5,-38,27,36,49,31,53,-13,-47,45,-44,32,43,-14,-39,-1,12,-25,-41,26
-11,33,-26,-22,20,-12,24,15,49,27,1,6,-37,53,-8,-41,46,-50,32,-5,-45,4,-36,-7,-40,3,-10,-52,-38,-42,-43,-19,-2,-48,44,23,13,29,-51,25,16,30,31,-35,21,-17,-54,34,-9,18,39,28,-14,47
38,-3,2,5,-4,-36,-47,-33,-21,-17,-42,-34,44,-22,-18,37,10,15,41,35,9,14,-28,46,48,-31,-39,23,52,-32,26,30,8,12,-20,6,-16,-1,27,-43,-19,11,40,-13,51,-24,7,-25,-50,49,-45,-29,54,-53
-21,36,-46,16,-49,26,-29,42,-23,22,-52,-31,53,37,-43,-4,38,-40,-44,-27,1,-10,9,-28,-47,-6,20,24,7,-50,12,-39,-34,33,-51,-2,-14,-17,32,18,-48,-8,15,19,-54,3,25,41,5,30,35,11,-13,45
-39,-45,-51,-10,54,-9,43,18,6,4,21,-29,35,20,49,-25,-37,-8,40,-14,-11,31,48,44,16,34,53,-30,12,28,-22,-41,42,-26,-13,-47,17,52,1,-19,32,-33,-7,-24,2,50,36,-23,-15,-46,3,-38,-27,-5
22,14,11,6,-16,-4,34,-32,-40,48,-3,42,-51,-2,47,5,49,24,-52,31,-43,-1,-25,-18,23,-44,54,-41,-53,-45,-20,8,-38,-7,46,39,-50,33,-36,9,28,-12,21,26,30,-35,-15,-10,-17,37,13,19,29,-27
-5,-54,-41,24,1,22,46,-40,51,-35,25,-44,36,-38,-30,18,45,-16,-29,26,-28,-6,-43,-4,-11,-20,-34,21,19,15,52,-49,48,27,10,-13,-39,14,37,8,3,47,23,12,-17,-7,-42,-33,32,53,-9,-31,-50,2
-24,42,38,-21,-19,-26,-39,-49,20,-13,17,25,10,34,40,-37,-11,-51,5,-9,4,41,-52,1,-12,6,-46,29,-28,33,-48,36,-30,-14,-47,-32,16,-3,7,-15,-22,-2,-54,-50,53,27,35,31,8,44,18,23,-45,43
47,-34,28,13,-20,-14,-11,40,-26,50,7,44,-4,6,31,21,48,29,25,5,-16,54,51,45,-19,9,-35,-3,-18,-53,-15,-42,-36,2,27,33,52,-43,41,-8,-39,32,38,-12,-24,49,-1,-17,-46,-10,-23,-37,30,-22
3,-12,-1,-42,8,46,19,-5,34,-22,-29,2,23,-30,51,-49,20,-36,-7,-17,33,10,-13,-41,44,-43,28,-27,11,14,-50,-35,-21,-9,32,18,-53,39,-38,54,24,4,26,-25,-47,-6,45,52,16,31,-15,-48,37,-40
12,39,-50,-23,-46,-34,-28,24,-25,-36,19,-1,-31,-20,-32,-54,-45,-30,-11,14,-40,-43,4,-8,9,-52,48,7,-41,18,13,15,53,6,47,10,42,-49,-2,21,29,-37,22,51,17,5,-35,-27,38,3,-44,26,-33,16
-37,-20,-7,10,28,-26,3,35,41,-4,-13,-18,11,-19,-29,36,23,12,14,2,53,46,-17,-48,42,6,31,-5,15,-44,-27,34,-51,-32,-8,-16,1,-47,40,-39,-9,-25,-52,30,54,-22,38,24,50,-49,33,43,-21,-45
17,8,13,35,30,41,49,-2,25,42,32,-48,-3,27,44,-21,-1,54,43,40,16,-45,36,34,-9,-39,-14,-31,47,-5,28,-11,-50,-24,-4,-23,38,-37,26,-20,-6,-10,-19,-15,22,-53,-29,12,-7,33,52,-51,46,-18
-54,-24,30,-28,-14,8,40,-6,50,25,-43,41,22,5,-52,45,-48,33,21,-51,-19,-13,46,2,-10,-49,29,4,-27,-3,-38,39,-18,36,-44,-34,-42,31,-32,-7,-12,37,11,35,-16,-23,53,17,26,-9,20,15,-47,1
-46,-33,-36,48,-23,27,-42,43,-15,-52,12,-11,-40,-41,9,51,-50,-20,-28,18,-37,-38,5,-54,53,-32,-6,19,44,39,-45,26,2,-35,34,3,21,22,-30,13,14,7,-8,-29,31,1,49,-4,-47,17,-16,10,-25,24
54,-8,10,51,12,-45,-17,2,28,-3,-50,-5,37,-52,-34,38,7,-25,-36,-30,-31,39,-44,43,18,47,33,-9,41,20,21,35,-27,15,-32,19,-13,-16,-22,42,-29,-40,-24,23,6,-48,-26,46,-53,11,-4,14,49,-1
52,54,-8,32,-11,-43,-51,3,-19,36,5,50,-28,-37,-41,-22,30,-49,9,53,42,16,-27,-46,-35,-38,23,13,33,-17,-39,-4,-29,45,25,-10,14,26,31,47,15,-21,6,48,-34,24,-40,-44,18,-12,7,-1,-20,-2
31,-7,22,-18,44,38,2,-9,8,-24,13,-21,-11,43,27,49,-35,4,-23,29,12,-3,19,10,37,32,-15,-42,-20,-46,-1,-26,39,41,17,40,-25,-6,-33,-36,-34,28,-14,-5,50,30,51,-54,-16,-45,-47,53,-52,48
-30,-50,43,-40,-31,11,-45,20,19,29,-6,-17,-44,-36,-53,27,12,-39,-9,-8,-47,-46,-49,48,51,-37,-16,32,-10,1,5,-28,-35,-38,33,14,26,34,18,4,-42,41,-3,13,7,22,21,-24,23,2,-25,-54,15,52
33,45,-13,50,11,-53,15,52,-30,21,-5,39,3,-32,-7,-18,-44,16,31,23,-10,49,-20,-27,-38,46,24,-54,40,9,-19,14,-1,-43,-48,-37,36,25,-12,-29,47,-51,34,17,-2,-26,-41,35,-22,-4,42,-8,6,28
28,46,27,-6,-45,4,-40,-48,-17,-25,-12,11,-26,-15,14,47,9,-32,-22,-42,51,19,50,30,10,13,-3,-1,38,-24,37,18,-43,49,53,-44,-31,-29,-52,7,54,20,33,36,5,-2,-16,8,-34,-23,-21,39,-35,-41
44,3,-2,-37,15,-49,-26,12,-14,-40,54,-8,51,9,-5,42,-31,43,-41,-39,-38,-47,35,29,-28,7,32,25,-24,-36,17,-27,50,48,-23,30,4,21,20,10,19,-16,-18,-1,46,-45,22,-34,6,-33,-13,-53,52,-11
-34,-49,-19,-24,-51,-46,18,54,35,52,39,40,14,-13,23,-32,-21,-7,3,33,17,-36,-15,4,41,-45,-31,38,-50,43,27,16,-20,1,-9,22,48,-28,-11,-12,-25,53,-30,47,26,6,-44,-37,2,29,5,-10,-42,-8
-17,-40,39,43,21,-7,6,53,-16,45,49,23,38,27,37,9,1,35,-46,44,-5,-33,-12,-30,-29,52,-14,47,25,24,-54,-42,22,-41,-18,-51,-15,-13,-3,2,34,32,-4,-20,-10,19,-28,50,-11,-48,36,-26,-8,31
-40,31,-22,19,50,30,-18,-47,39,23,-25,-53,-32,-24,-35,-48,-33,7,-4,-26,29,3,-10,14,11,20,42,-34,-21,-6,-2,13,17,28,15,-54,-43,49,-9,1,44,-27,37,-41,-51,-52,8,16,-38,-5,45,46,12,36
45,15,-24,54,-37,35,-52,48,-20,-33,29,34,27,-49,-2,-26,32,-28,38,9,-30,44,42,3,43,16,-13,18,-11,21,40,-17,10,-12,-6,-53,5,-19,47,-31,-46,-23,-25,-22,-1,41,-39,-8,14,51,-50,7,36,-4
2,-1,-12,-5,4,-40,45,-16,-44,-20,-35,3,17,51,19,8,-13,-47,-15,10,31,26,-48,-38,34,-22,-54,46,-49,53,-21,-43,-37,-25,11,52,33,24,-42,6,50,39,32,9,-7,-28,18,23,29,-41,-14,-36,-30,27
-31,-5,54,17,2,-33,-44,-29,43,46,-38,47,48,-27,-45,34,-4,49,20,-19,-36,-42,-50,28,-39,-53,14,-24,8,35,1,41,6,-16,-30,21,-52,11,25,-51,-32,22,-9,7,15,-10,-12,-13,-18,23,40,37,26,-3
51,38,31,36,-41,14,-21,44,-53,16,18,-32,-47,-6,52,-10,22,-11,42,-24,7,-17,-54,20,-48,-33,50,-45,49,-34,-3,12,26,30,40,-4,46,-2,43,-35,5,-19,-39,-8,28,-37,13,25,-29,-27,-1,-15,9,23
37,18,35,34,52,-17,-14,-31,-50,-27,30,-45,33,7,16,-15,6,-2,44,-39,-24,53,25,21,-23,29,10,36,-26,11,8,-38,-13,-4,-3,-28,-1,32,-20,-48,-49,-46,47,-19,12,42,-43,40,41,9,54,-5,-22,-51
-36,-6,-42,-39,49,2,48,-44,45,11,-10,52,-21,-31,-40,54,-53,34,-51,30,13,-50,-32,-47,33,27,-26,-29,28,-20,14,23,-25,-18,37,1,-35,-46,4,15,43,3,-41,8,-9,38,24,-7,-5,22,19,-12,17,-16
-14,-17,-47,-27,-33,-52,-22,23,48,-28,41,-46,19,1,-54,-35,2,-43,-13,45,34,7,-8,36,29,37,4,10,-25,31,-30,-44,5,-21,16,-24,-26,42,50,53,-11,-38,18,32,-20,12,3,-9,51,-39,-49,6,-40,15
46,-36,-28,26,45,-11,25,-34,27,-16,6,-41,15,32,-13,10,51,-38,-49,-47,-42,-53,52,-33,-7,-4,-9,3,35,-48,54,-14,24,8,-29,2,39,18,-37,-50,12,21,44,-43,-5,-1,20,30,19,40,-17,-23,22,-31
-23,20,36,11,-27,43,44,38,-45,49,-4,46,-35,-21,41,-33,-40,42,30,-2,14,-29,1,50,-52,-48,5,-39,22,-19,51,-34,16,32,13,-3,47,-8,28,17,-15,-18,-6,-7,9,-12,-37,26,-10,-24,-31,25,-54,53
-9,-26,7,-20,-38,17,-3,25,1,-30,-51,-39,-46,18,33,-29,-6,-14,-54,4,44,37,-35,-36,-8,2,52,-50,16,10,-34,53,-15,31,23,24,-22,5,12,-47,42,-41,45,-21,-43,13,40,-49,48,28,11,-27,-32,19
20,48,24,12,9,-32,17,47,-5,-53,52,-4,-22,19,50,46,-7,26,-14,-1,-25,13,38,-3,21,-18,45,-36,-40,-31,30,6,41,-42,39,28,-54,-23,-35,29,-33,34,-51,49,-27,-16,-8,-2,-44,-15,43,-11,10,37
6,5,-16,-7,-2,-1,4,-17,42,15,-28,53,50,-48,-10,3,8,-23,37,54,49,40,18,35,-41,-47,-44,11,31,46,-29,51,34,-33,-24,-39,-19,43,36,-22,25,-9,-38,27,52,-30,26,14,-21,-13,-32,-45,-12,-20
-15,-52,-17,-41,33,49,-38,-10,16,8,-46,-42,-18,25,1,-9,3,13,45,-50,-27,-51,-34,-26,-14,24,21,-43,-54,32,-36,-30,-5,23,-53,31,-40,7,-44,37,4,12,28,39,-19,11,48,-47,-6,20,22,2,35,29
-19,22,40,25,43,50,16,-35,-39,26,47,21,54,45,-31,-7,-30,20,1,-18,-12,-2,41,38,-4,-10,-28,27,34,17,15,-37,-49,-29,8,53,32,-24,9,-3,-23,44,-5,-42,-14,51,-11,-52,33,-6,-46,48,-36,-13
49,-14,-11,-45,-50,-23,-53,31,-48,-21,3,-22,-33,2,42,-40,-28,-27,-37,46,10,12,6,-29,39,-34,18,17,24,-47,-8,-36,13,26,-41,32,19,54,-25,16,35,-15,52,-51,4,-20,30,9,-1,5,44,-43,7,-38
-18,-31,-43,23,26,-39,52,-28,38,-45,37,-50,-53,-44,25,-46,36,1,-40,-54,-35,-32,-4,51,-15,-5,-42,8,-47,41,2,22,-48,-49,21,-17,-11,-9,6,19,-30,27,3,14,10,16,29,33,34,12,-24,-7,13,20
39,-48,5,-43,-3,33,-24,-36,-42,40,-16,29,34,-50,-27,11,25,45,22,-38,-53,-19,47,7,-17,41,15,-37,-12,-52,35,46,-6,-13,-31,8,28,20,-1,-10,-26,9,4,-49,-18,-32,-23,2,44,14,-54,30,21,51
7,27,-52,-12,48,39,-1,19,-13,43,40,4,9,54,38,20,-26,32,-8,-16,36,24,45,-22,28,17,-2,-25,51,44,-41,-18,49,35,-34,-21,50,-15,-6,-11,31,-47,-10,-30,-23,53,42,-5,-33,-37,-29,3,-46,-14
-47,34,50,-32,-43,16,-15,-21,18,54,-19,-14,-24,12,7,-6,-25,-9,11,39,8,-44,-46,13,17,42,-45,-40,-31,-49,29,4,35,-2,-33,-52,41,53,-20,28,-37,-26,5,22,27,23,1,-51,30,-3,48,36,-38,-10
-27,-42,37,9,53,-8,38,6,-4,-47,46,-30,-36,-16,26,14,-54,-19,18,-41,-44,52,40,-31,-49,-15,1,51,-39,12,24,48,43,-50,45,13,-3,-7,29,-23,20,2,-33,21,-35,-11,10,-32,25,34,-28,-22,-5,17
-38,28,-45,-36,10,-51,50,-41,30,-5,-44,19,21,47,-49,33,42,37,-12,-48,-13,32,-39,-25,24,-40,46,-2,54,-9,-53,-22,-16,52,-43,4,-18,1,23,26,8,-17,35,11,3,-27,-14,20,15,-7,6,-34,31,-29
40,-38,29,21,-25,54,-37,26,15,-23,16,-35,46,28,-9,-11,-51,22,-48,-52,-4,-18,10,41,5,-8,-30,-14,-3,27,34,49,45,-31,12,-42,7,2,-47,-1,-24,36,-50,-53,-33,-13,39,19,-32,43,17,20,44,-6
-12,-47,-40,53,32,42,22,-18,-51,17,-39,1,-34,-33,28,29,-10,8,-20,19,45,-7,27,-44,-43,49,-23,-15,-16,52,41,-5,14,13,54,37,-36,50,11,3,-31,-6,25,24,-21,48,2,-46,-26,-38,9,-30,-4,-35
-45,-9,-34,47,22,-13,42,-27,2,-12,30,10,6,38,-21,25,53,-37,23,-46,15,-5,-19,-39,-16,-28,8,26,-35,-11,44,52,-54,3,29,-43,18,-14,24,51,49,-7,36,-31,1,20,-4,-50,-41,48,-40,-32,-17,33
35,4,26,-2,46,7,-6,9,-8,-37,-49,27,52,-53,43,-24,-29,44,-30,50,-41,42,32,16,54,-3,-12,31,17,19,-28,-23,40,-36,-1,34,10,-51,-48,-33,21,-22,-15,-18,47,-5,-45,39,11,-20,38,-13,14,-25
-41,-37,23,46,-47,-30,12,51,-38,-29,15,-7,-42,-54,-11,43,26,-53,50,48,24,28,-3,-21,-27,-17,25,-22,10,6,49,40,-45,39,36,-35,2,9,-34,-32,1,13,-16,-52,33,-4,5,-20,-31,-19,-8,44,18,14
27,-39,45,-19,7,53,-5,30,31,38,20,-26,-29,41,48,32,-42,23,4,-11,-34,-52,-18,-43,-51,12,-1,-35,13,-8,-9,-16,54,21,28,-49,-44,-10,2,-46,-14,17,24,37,-3,40,50,-15,36,-47,25,22,-6,-33
-35,-44,-37,-25,-21,31,32,-46,47,18,-23,36,-30,33,54,17,-16,-10,-45,-22,5,20,11,52,4,-51,-50,-48,-34,13,-6,-7,-14,29,1,-12,3,41,-40,39,-38,49,53,2,19,8,-9,28,-42,27,26,-24,-43,-15
25,30,-48,49,23,52,-31,41,-32,-46,51,-24,43,21,-19,-36,39,-44,15,34,-14,33,-5,12,-1,38,35,54,50,-2,7,9,-22,-20,-27,16,-47,-26,-17,-45,-8,-53,-13,18,40,10,37,3,-4,-29,-11,-6,42,-28
-40,-53,49,18,29,-16,-33,-39,-54,13,31,20,-10,-51,-23,6,24,-4,28,-12,37,48,15,-17,35,-50,34,-19,-5,-38,-11,43,7,-27,-25,44,-21,30,8,1,52,45,-32,-36,-42,-47,46,-22,-3,26,14,-41,2,9
32,19,-9,-17,51,-31,-16,-42,3,-48,-53,26,-49,30,22,7,4,36,-2,-35,39,-15,54,47,45,-12,-52,43,-46,-14,6,-1,-41,50,20,-18,44,-40,-21,38,33,8,-28,-37,-25,29,-24,10,13,-34,-5,27,11,-23
-29,-27,-30,-44,-34,47,54,21,-33,-41,36,24,28,22,-37,40,-52,51,26,25,-8,-14,49,-12,-20,-19,2,-13,1,3,43,45,9,5,-39,-11,15,46,35,-16,10,50,-31,4,-32,-38,-6,53,-23,-42,-18,17,-48,-7
