-17,-27,11,-32,53,36,-31,-9,8,-37,-3,-28,-24,40,-51,-38,1,-44,46,21,-20,-45,-35,13,47,43,2,12,54,-41,7,4,-50,49,23,-6,10,16,42,-14,30,-39,-26,18,22,-19,-25,-52,-34,33,15,48,-5,-29
-52,26,-39,18,-38,-54,-53,-28,-21,25,-30,-16,-47,-29,43,12,23,-4,20,-19,9,37,-17,31,-10,-2,33,8,14,11,-24,42,-27,48,-44,-46,-22,5,3,-41,40,-32,-15,35,51,36,13,-34,-50,49,-45,1,7,6
13,42,-29,18,-27,-11,-26,-22,-16,-28,6,-17,-1,-49,-25,9,12,-4,-31,46,36,8,-44,52,15,7,5,10,3,-37,19,50,-48,-47,41,-21,30,51,45,54,-35,-2,-53,23,-39,-20,34,33,14,-32,-38,-24,43,-40
-50,-21,-24,30,-16,31,32,28,-46,47,17,33,26,20,38,5,-11,19,-18,-14,2,42,-44,3,-54,-13,-49,-8,-40,-4,-6,-7,-12,48,-51,39,-41,-15,-36,29,37,-22,-45,23,43,9,-10,-34,27,1,35,53,-52,25
-54,52,31,26,6,-5,35,37,-53,14,36,-30,-34,-10,50,32,27,-21,-49,47,18,41,-42,38,-40,-4,-17,-51,-46,12,-3,-16,45,13,-7,-11,-8,-24,-48,25,-22,23,44,-43,-33,29,-20,39,19,-15,28,-2,9,1
-3,31,1,10,49,-50,24,-22,16,-4,-51,45,21,47,-27,-9,-35,42,41,-23,-13,8,20,-7,44,43,15,39,-53,40,-2,33,-32,-48,17,54,-46,52,-28,-30,-19,-18,-26,-25,-12,37,-14,34,-5,6,11,-38,29,-36
-13,-32,30,-52,14,-15,-21,-31,-23,-41,-42,-22,1,-5,6,48,29,-34,-50,51,7,12,9,39,-46,45,-44,35,-17,-3,8,2,-53,18,-28,-37,36,-43,-24,-54,10,11,38,27,-26,25,-49,-16,47,19,-20,4,33,40
-16,-12,45,-14,-34,26,42,-37,-27,22,-38,2,-40,4,-41,1,-30,-53,29,24,-49,-10,33,-20,-52,-6,9,-36,-19,17,-51,44,-23,5,50,28,8,11,46,13,15,-7,-54,-32,-3,-39,48,-47,21,-35,31,25,18,43
-46,-40,17,7,-54,22,-4,21,44,19,43,-13,12,-25,-29,-27,-3,-30,-10,-48,-8,-6,-36,37,14,-45,16,-39,15,18,34,52,-41,-31,42,23,-24,-53,28,2,33,-35,-11,-9,26,1,-51,20,-50,49,47,-32,38,5
48,-6,-43,-23,-41,2,22,27,21,-12,45,10,-16,30,38,13,-50,-51,-24,29,-9,-7,4,19,28,-49,-8,-25,-20,-14,52,34,40,-32,54,-47,39,-15,-37,-33,5,-46,3,-53,-11,42,36,-1,26,17,18,-31,44,-35
35,-38,49,18,-36,13,-39,25,-46,-32,-34,-23,-6,20,26,-41,-45,-4,50,-14,-29,-27,12,37,-8,-15,22,30,21,-28,40,10,48,11,-1,5,-24,2,7,-31,16,-51,54,-53,17,9,-52,-33,-3,-19,42,47,44,-43
-32,21,52,-38,13,-40,8,-7,50,39,-45,51,-5,43,17,28,-15,37,44,-48,-2,27,24,-23,-49,-30,-22,-16,33,26,35,1,-29,-42,-31,-54,-18,4,-10,6,46,34,-14,-19,11,-41,-53,20,25,-9,-12,-3,47,36
-20,30,-47,-31,-10,23,22,-38,32,5,-52,-43,50,36,-46,-35,33,34,-40,1,-29,-7,-6,-25,24,27,-26,37,21,-2,4,-9,-17,-18,16,-14,-28,8,-44,19,48,-54,12,39,49,15,3,-41,-45,-13,53,11,-51,42
-43,-3,2,18,-26,54,-13,-48,19,30,-23,53,7,42,-41,44,-35,-4,-9,25,28,45,11,29,-20,5,-50,-21,-24,-10,-52,33,-32,46,17,51,49,-39,38,-47,15,-14,1,-16,-22,-34,40,8,-37,27,-36,31,-12,-6
-16,18,-11,44,-53,46,-36,41,21,25,3,32,-52,35,-31,1,47,-2,-23,49,-9,37,19,-50,-10,30,33,-39,-34,-26,15,-12,-27,29,-14,7,-22,-54,28,-42,-8,40,48,-4,51,-6,-17,-43,-20,24,-45,13,5,38
40,32,45,15,18,-43,-13,51,11,-35,-9,-24,7,34,-4,38,50,-5,-52,49,-27,-39,-33,12,-36,28,21,-26,-46,-37,47,-2,23,-14,10,25,30,-16,22,-1,44,48,6,-41,-3,29,-31,-42,-20,-17,-8,19,-54,53
52,22,-43,38,-34,15,-21,-27,10,-9,49,-18,33,42,-6,30,-37,12,-23,41,7,-2,19,25,-24,-36,8,-29,28,-16,44,46,-13,5,-54,26,17,-4,40,-39,-20,-14,3,-31,47,-32,-45,-50,-11,48,53,-1,-51,35
19,32,48,45,40,31,-8,7,53,47,23,33,26,-17,-24,39,14,29,-1,-46,-36,54,-11,15,41,-13,-51,42,-18,34,-6,-2,-12,-30,-44,21,38,-37,-16,-5,-25,-28,49,35,-4,20,-10,-3,-43,-52,27,50,-9,-22
-45,-30,-44,-15,11,-13,31,50,-39,53,-5,-17,6,46,4,43,12,-29,33,49,51,26,40,36,-42,-22,-47,-48,18,2,-7,38,-19,54,-37,-24,35,-32,9,-23,52,25,-16,3,1,-14,27,28,-20,-8,-21,-41,-10,-34
44,43,-40,33,8,31,34,-5,-13,-14,45,-26,9,10,51,-25,38,-50,-49,28,24,-54,-42,-21,16,12,-37,-20,-39,47,-6,48,-4,-7,52,53,27,-17,29,3,-46,23,-2,-1,-11,41,-30,-32,19,18,-15,-35,-36,22
-26,-50,54,43,-29,33,-14,20,37,46,34,-15,-23,7,12,-42,32,-27,-52,-8,49,-41,13,-48,47,1,18,-39,5,40,-36,-17,-6,-11,-45,31,-9,-44,28,-30,22,16,-4,38,35,-10,-25,24,-21,2,-53,19,51,-3
-29,-24,23,-16,-34,-19,25,30,18,-27,33,49,22,44,47,4,53,-9,6,-39,26,-13,-3,2,-7,-21,10,-35,1,-8,41,-40,-11,5,28,46,-42,50,20,32,-31,37,52,-14,-48,-36,-15,45,-12,-38,-54,-43,-17,51
21,-26,35,-34,46,-16,51,40,31,-52,24,36,-49,-37,28,6,53,42,48,-47,-1,45,-30,-11,-33,2,43,-15,41,23,-9,-44,25,4,-3,-12,14,-39,38,-8,-29,-18,-27,32,-22,-5,20,-19,13,-54,-7,10,-17,50
-39,7,-31,-26,51,-29,-2,28,-33,-50,41,24,43,44,32,35,30,-23,37,-34,22,-21,18,-12,46,4,38,-8,6,-17,3,-15,9,20,-16,-42,-19,-27,1,45,-11,36,-13,-14,-40,-25,53,-49,48,10,-5,54,-47,-52
45,-10,24,-19,22,30,16,11,-51,2,-8,-28,48,38,-25,-7,34,-26,4,42,43,-5,-37,-3,15,18,49,12,52,-6,-39,54,47,-17,41,-40,23,-14,31,36,-35,-20,-21,53,-1,-50,-33,-13,-27,46,9,-29,-44,-32
-52,-27,48,13,11,-7,6,35,-26,37,-5,-44,-4,19,50,-40,46,-47,-14,33,-49,31,53,-45,-38,9,2,-39,-42,-32,-22,30,-20,-54,-8,51,-10,25,28,16,-43,29,41,12,24,-17,18,-3,21,-15,-36,1,-23,34
26,-5,-29,-52,2,30,-24,-18,35,-44,-22,54,47,34,19,-53,42,8,-15,43,31,11,-40,7,-32,-1,-28,27,3,-6,-21,25,-46,-14,-9,45,-51,41,-49,23,-38,-17,-20,10,-36,33,-13,-50,39,48,37,4,16,-12
-5,39,34,-40,1,-10,35,27,12,6,31,-9,-19,-22,23,17,-16,24,13,-25,-36,14,-15,-18,20,51,-8,38,-49,46,-11,-33,32,-3,-7,21,-41,-28,-2,4,37,-53,54,-48,47,-30,-45,44,29,52,-26,-50,42,-43
-5,49,44,-40,1,-42,-15,-45,-32,35,14,46,-54,-11,7,-37,23,-53,-43,-30,50,-39,-17,38,34,-33,47,41,31,20,-29,9,26,-25,-10,51,16,-24,22,4,-28,6,19,-3,8,-12,-27,52,-2,-21,-36,-48,18,13
-47,-12,-42,14,51,-23,36,34,45,25,53,2,-27,-4,18,-29,-20,-15,-44,17,-33,41,6,-49,-10,46,13,39,16,-50,-32,31,21,-8,-54,-7,-40,43,-28,37,-22,3,-38,19,-9,-26,1,-52,24,30,-5,48,-11,35
21,-44,4,-3,-54,-35,50,15,-24,-49,-33,43,36,-16,-8,14,38,-20,-29,18,-1,48,39,9,28,31,51,-25,19,-34,-26,-52,11,30,6,-13,-41,-17,-23,47,37,45,-12,2,-42,-53,-40,-22,10,-7,-27,32,46,5
9,-52,32,-50,6,-5,40,44,-1,-19,-43,-18,-54,-39,-29,51,42,12,10,47,-28,-34,36,38,49,41,31,21,15,48,-27,-3,-37,22,45,-23,33,-24,14,-7,-26,-17,11,-8,-35,-53,-20,-30,-25,4,-16,2,46,13
-46,5,33,-6,-2,4,-18,-22,10,-9,-48,-37,-31,-29,38,32,-41,7,27,23,40,8,-20,-36,28,-50,-19,-25,14,49,13,-16,-3,-39,-43,24,12,-15,34,-21,17,-44,35,42,-54,1,53,11,-30,26,52,-51,-47,45
-20,-51,10,-9,11,22,-15,16,4,-3,-5,-36,-25,53,7,-8,46,31,-26,1,-35,-6,-43,29,13,19,-50,48,-24,-39,-18,-38,-41,-54,21,12,44,32,30,52,33,49,23,-37,-47,-17,45,-28,-42,27,2,-40,-14,34
-23,34,14,16,43,52,-51,-50,29,-26,49,24,-27,-3,-45,-4,-31,-47,-35,-25,39,-32,1,-12,20,10,13,40,-9,-48,17,22,-44,-2,19,38,54,-36,-21,-28,42,-41,-5,33,15,53,18,30,-11,8,7,-6,-46,-37
-19,-43,-45,23,6,-5,-18,-34,-33,-22,-53,39,15,-31,-13,-25,-44,7,1,-28,-24,10,-4,21,16,49,-47,20,35,41,14,38,9,8,-29,-50,-48,-32,-12,54,-30,-52,2,17,3,-51,27,37,-26,36,46,42,11,-40
53,31,26,-27,-51,-16,-9,-47,7,21,22,29,-38,-43,-24,6,-44,-36,42,33,-10,-11,-30,15,-41,-3,4,40,-12,23,-2,35,-20,-48,-32,18,-39,13,37,-28,25,-19,14,17,46,-45,8,34,-52,-54,5,49,-1,50
-19,-6,36,52,-51,2,-8,7,-16,40,48,20,38,-42,46,9,22,23,1,-12,-34,-17,-18,-43,26,-25,49,37,-41,-45,50,-33,32,21,53,-3,-28,-13,-44,-10,29,14,24,39,30,-15,-54,-11,-27,-31,5,-4,-35,47
30,-19,-36,-7,-41,32,4,15,-42,20,-17,23,-18,47,-8,-28,11,13,2,-10,-40,29,-12,-45,54,-50,-48,16,-22,-1,-37,-6,-49,-43,-52,3,31,-39,38,21,5,9,34,51,24,53,-14,27,33,26,-44,35,-46,-25
-21,-4,-53,2,38,-44,39,17,35,-12,19,10,-37,22,20,41,-8,-26,-11,-15,1,-14,-25,52,23,18,54,-42,45,-40,34,36,46,-31,-9,-32,13,-5,-7,30,-16,28,-51,6,-29,-33,-49,-50,47,48,43,-24,3,-27
-47,54,-23,29,48,-16,-9,46,7,-41,20,-31,-30,-38,-33,6,-52,19,-18,-11,27,-51,3,-40,-32,-28,-21,26,-4,13,12,25,15,-43,50,53,42,14,49,24,10,-37,34,45,-44,-8,1,-5,-39,-35,22,17,-36,-2
-42,-51,15,-9,-27,25,31,-23,4,26,47,52,18,-48,-3,-38,24,-13,36,30,-49,53,8,-17,-6,-10,5,-43,-44,-20,-7,-54,39,35,-34,-19,-46,16,-33,41,-40,1,28,29,50,37,-11,14,21,-45,2,-12,-22,32
-7,54,51,41,-9,18,1,-10,5,8,26,-15,-39,-44,12,36,-19,-6,17,25,38,34,-53,-32,-20,-11,-49,50,-47,46,-33,24,31,-22,-37,-16,35,-21,13,-52,-4,-45,-48,14,42,-30,29,43,27,-28,-3,40,23,-2
-41,33,-6,-13,27,3,31,-45,37,-24,-46,29,4,48,-54,-23,-32,40,22,39,-28,-19,16,10,-50,52,-5,21,-12,-49,-7,17,-2,53,44,47,-9,42,-20,-18,1,-38,51,-35,8,11,-36,-14,30,25,-43,-26,-34,15
33,22,28,49,-18,48,-20,9,-8,54,-24,19,-40,-50,-42,39,-34,5,-12,7,-35,-2,-51,11,36,29,43,-3,-26,37,-32,31,-1,17,21,-25,-30,46,-16,13,47,15,-27,-53,52,-38,-41,-6,-4,14,23,-45,44,-10
27,-18,-45,-16,32,-29,39,30,38,52,12,-11,-19,36,44,4,40,2,13,35,-43,48,25,-46,-23,-34,-1,50,6,-8,-49,-5,37,26,-20,-14,-33,-9,-7,-17,54,47,21,-15,3,24,-42,-22,31,-28,-53,-10,51,-41
-49,8,50,51,12,-30,-43,-2,35,-42,28,-5,-25,-54,-32,17,-16,-47,20,-19,-48,-27,-46,45,13,31,22,-11,36,6,-26,15,-39,-40,-9,-29,52,53,33,34,-44,10,7,41,-24,23,18,21,1,-3,-4,-37,-38,14
-15,-28,50,-36,-52,-43,-8,7,13,-19,29,-31,-9,18,1,-40,22,-14,10,-41,-39,-17,-38,27,-46,-49,-24,2,-11,45,12,47,-51,-42,-37,4,35,23,21,16,20,34,6,-48,-30,25,-32,44,26,-3,33,5,-54,53
-5,38,46,14,1,-48,20,-19,12,37,33,-9,-26,-4,-42,-24,39,49,8,-7,-34,50,-45,16,-41,13,44,-53,35,51,52,-43,-11,21,-29,40,-10,-2,-17,-36,25,15,32,-27,23,-3,54,6,-18,-22,-30,-31,28,-47
25,13,44,-36,-12,29,-14,-48,-20,30,-37,5,-2,7,-24,52,-22,-41,26,9,32,17,-28,15,-1,-19,-45,23,-6,-10,-49,-21,-53,51,43,4,11,-42,40,-39,18,38,-35,-3,27,-50,54,8,31,46,-34,-16,33,-47
20,50,19,-40,-26,-16,-23,-37,46,28,-27,44,-18,48,54,6,-39,13,-3,-1,38,-29,7,53,-31,5,11,-10,22,-52,25,-42,51,-49,-41,-47,8,-21,17,4,35,32,45,-12,-43,-9,36,-14,34,-2,-33,30,-24,-15
24,-48,54,40,-30,45,51,16,-17,28,-29,49,-26,46,-20,-8,9,50,-34,15,47,-53,43,-1,-37,13,-41,-10,11,5,36,44,42,19,52,-31,25,-39,38,-4,27,-33,-23,-32,-6,-14,-21,2,-12,-18,-7,-35,22,-3
-36,53,-22,-15,-38,-32,-46,13,52,45,28,21,-8,30,4,-50,-23,-39,20,-19,-12,3,17,25,-24,41,-35,-11,-42,-14,40,6,48,37,27,1,-34,5,18,-31,-26,29,47,-54,-10,7,-43,-33,-51,16,49,-9,-2,44
13,41,-54,-47,-22,-40,43,-12,28,-26,-42,8,-1,20,-33,-32,-37,25,53,-14,51,5,48,38,-18,10,44,-9,30,-29,-39,16,15,-36,49,34,17,-24,31,6,-2,11,-7,-27,50,-52,4,-23,-35,-45,-21,46,-19,3
-40,24,53,-34,51,22,-18,-33,-49,-39,-32,-29,-37,43,-48,45,27,7,-35,38,-47,-6,-46,-2,28,44,-17,-25,12,-52,-54,11,8,4,19,41,13,-20,10,1,-36,50,-14,-26,-16,23,21,15,9,-42,-5,30,-3,31
-33,14,44,-37,-18,-10,22,-23,19,6,42,-53,45,-2,27,-47,39,5,-9,40,26,-7,8,-36,46,-21,-15,31,52,48,-28,-35,1,-54,32,24,4,-49,-17,-20,50,-11,-51,-3,-13,-25,16,-30,38,-41,43,-29,12,34
22,-21,-5,-35,3,-8,-48,6,36,28,19,16,-45,20,-54,-12,-30,40,-11,-14,2,-1,-33,38,43,-32,-49,-10,41,17,-42,26,23,46,4,-9,-50,-24,-44,-18,-29,31,-25,39,13,-34,51,7,27,37,-47,53,-52,15
-16,40,-34,50,52,-47,25,-28,-54,38,37,-22,-39,-32,-43,1,42,-33,35,29,-26,12,51,45,-7,21,-36,8,-20,-53,-44,14,18,3,-19,27,-11,-10,13,-2,-48,-17,15,31,-24,-49,6,41,46,-4,-23,-5,30,9
-8,-3,2,-38,-49,34,51,1,33,18,-46,-40,-26,-24,44,-19,52,-10,16,-28,-25,-41,-27,14,21,13,23,20,42,32,-43,-30,-9,-6,37,-53,-35,4,47,12,22,-29,31,-15,-50,11,-39,54,5,45,-7,-17,36,-48
47,-11,-10,-41,-23,35,-43,24,-33,3,2,-15,-31,-39,12,40,27,48,28,45,36,-37,5,-8,51,42,-17,-19,30,-29,13,44,9,-54,-6,-21,22,50,14,-16,4,-26,7,-32,-20,52,-1,-18,53,-38,-25,-46,-49,34
-52,41,-34,46,42,-28,8,-7,-39,45,15,38,24,-32,-11,53,-48,31,35,51,26,-47,33,-13,54,-21,37,6,36,49,-18,14,-23,3,-19,-29,-27,-12,9,-43,-2,-5,40,-50,-10,-4,22,17,-30,44,-20,1,-16,-25
-29,-15,-13,-24,-7,32,5,-38,-36,54,-51,46,3,-30,2,35,19,42,-17,41,50,-45,49,4,52,33,-39,-34,1,14,-43,-6,-26,28,-16,9,-53,8,27,-48,-20,-18,31,-47,22,-12,44,40,-23,-21,11,-25,37,-10
-52,17,9,-16,12,-48,-45,43,-3,-39,-35,-5,38,-36,47,4,-2,25,46,-34,22,-21,-29,-41,-18,-51,-40,44,23,-54,50,-37,42,20,11,14,32,-13,10,27,24,-33,-8,-28,7,-19,-15,6,53,-31,26,1,-49,30
-18,46,-36,-49,10,42,-23,29,40,-5,43,-13,12,37,-25,-52,48,1,-28,34,-33,-39,7,35,15,-30,45,19,-8,26,50,-54,21,-20,-24,3,-14,-44,22,-9,53,-6,-11,38,-27,-2,51,-17,4,-31,-47,16,-41,32
12,22,52,39,-24,-14,-29,-17,48,-35,-30,-1,-54,6,-40,53,8,21,-26,-47,-18,-2,41,5,-42,19,50,46,7,11,34,51,45,-31,10,-37,36,-49,-4,15,-23,25,44,-43,-33,-28,20,-9,38,-27,-32,-3,-16,13
47,-7,44,-32,51,-23,2,45,38,-26,12,-11,-43,34,22,30,-52,40,54,42,50,-15,6,-35,27,10,-25,39,33,-16,46,4,-29,-14,24,48,-53,-9,-28,-18,-49,-20,13,-3,-8,-31,-1,-36,41,-21,-5,17,37,-19
38,-13,15,49,-39,-28,-53,-30,-18,35,33,27,2,32,-3,25,31,9,29,24,46,-51,40,-20,-16,-47,-12,6,-19,8,-17,-14,-11,45,-10,-42,-43,-1,5,-23,52,36,37,48,-34,-21,26,-44,-4,54,22,-41,7,-50
-20,-42,-52,38,13,8,51,-6,-44,-39,41,-45,-5,-28,18,50,19,-15,-17,1,-23,-54,21,49,-27,37,25,14,-35,48,-36,-43,-34,33,29,31,-26,-4,10,46,-11,2,32,9,12,-40,53,-30,-24,-16,-7,3,-47,22
43,-40,53,-8,19,32,44,4,50,45,30,16,22,-41,-51,-12,-20,-33,-5,17,47,-13,35,-26,-36,24,46,-37,-48,-11,-54,-6,18,42,-23,25,28,-52,-49,2,14,-34,-1,-7,-10,-27,-21,29,39,-9,15,38,-3,31
-31,16,-11,29,52,-13,-17,36,-38,-33,3,27,6,41,37,-2,7,32,-54,-44,30,25,-28,-49,-22,-47,-12,23,-4,-21,1,-18,10,39,53,-8,-15,9,-34,43,-14,48,-40,20,51,50,26,-42,24,-46,-45,-5,-35,19
-3,29,1,50,9,51,-17,19,-5,-37,34,33,-30,-18,41,48,7,14,-8,-27,-53,45,35,-44,40,42,20,38,-2,13,-47,52,-12,-11,-23,-46,10,-28,43,-25,-15,-26,-39,24,-22,36,31,-16,54,-4,-6,-32,21,-49
7,-4,-27,2,-10,19,-1,34,-43,5,39,40,14,-13,-32,36,35,-52,-6,-51,54,41,24,-23,-45,-48,3,37,50,-38,-49,15,-53,-8,-17,-16,-28,30,-11,-12,-22,-46,9,47,25,42,-44,26,31,-29,20,18,33,-21
-6,-39,48,-40,-15,1,36,-14,33,53,46,21,-37,8,5,22,-28,50,49,29,-12,-16,44,38,27,-42,-25,17,-20,-34,-41,45,-9,30,-52,-7,13,-24,2,4,31,26,-51,-23,-32,-11,-54,-3,-19,-18,43,35,-10,47
-33,31,-38,-44,48,18,47,30,-10,9,21,24,-19,-28,51,50,22,-6,13,26,-11,-17,-36,-12,29,-20,35,14,-25,-8,-2,46,1,-52,-27,23,-43,3,41,-53,-39,-49,37,4,-54,-32,-7,-5,42,-16,-15,34,40,45
-4,-50,7,1,-37,-54,-3,47,30,-17,-29,23,-49,53,-43,-36,10,40,-41,-42,-34,-31,-12,-52,-44,-32,-46,-38,11,-9,22,26,48,21,-51,16,5,28,45,-18,19,20,15,25,-39,27,-8,-33,13,2,35,24,-14,6
9,41,-49,-5,4,44,45,16,-1,-17,-42,-38,54,40,19,-8,10,22,-15,30,51,-18,-33,-27,34,32,24,-52,-46,-20,-35,-26,23,-25,31,48,-47,12,-43,-14,-2,11,39,-6,-7,29,37,-36,3,53,-21,28,-50,-13
51,33,-42,-23,26,-31,9,-29,-7,-12,24,10,54,53,-22,27,44,28,-48,-50,-46,15,4,-11,32,-5,-16,-18,8,-35,6,-25,-2,52,30,45,38,-37,-49,43,47,3,-40,-17,-36,21,-41,19,39,20,-1,-34,-14,-13
28,-37,-26,-18,-9,11,-36,32,5,-39,-6,-38,15,-54,-13,31,-41,4,44,23,-27,50,-20,35,-43,3,21,-1,48,-52,-16,-8,-46,53,-24,7,2,12,10,45,17,-51,25,-19,-40,33,-49,-29,47,-22,42,30,-34,14
-41,-6,-37,50,24,2,-31,-29,19,15,-17,-47,-22,-46,-10,-18,11,16,-9,-26,-52,13,42,-5,-53,20,39,34,8,-45,7,48,36,-28,-40,-33,3,54,-27,35,1,-23,44,-43,30,14,12,-32,51,-4,-49,21,25,-38
-29,12,-27,49,-34,-20,10,-11,-43,-7,8,-2,-30,-25,44,53,-26,-33,52,6,38,-24,-32,22,14,17,3,-35,1,13,48,23,18,5,28,-50,-39,-21,37,54,-46,-51,9,-15,-47,41,45,-31,-4,36,42,-19,-16,-40
-31,35,-32,-30,25,-23,11,-20,13,48,-7,17,-9,-37,-29,-52,-12,-36,-51,8,-42,27,6,-38,-5,43,-22,-47,15,4,1,3,-44,50,-2,18,14,24,-45,-49,53,21,-26,33,39,-54,28,-10,40,-34,19,16,-41,46
-28,24,20,-46,-37,34,-36,44,-48,47,50,23,-35,-33,-52,-51,38,-30,-27,-3,22,-21,-12,-2,29,-42,19,1,-25,18,-43,-54,14,-6,13,7,5,-17,-45,-53,-49,26,31,-8,39,4,-10,9,41,-11,16,15,40,32
-3,21,1,10,44,26,-30,-16,40,-4,17,-54,-23,-38,-27,8,-11,47,51,-50,-2,42,13,48,36,-6,15,-41,46,7,39,-37,43,35,-34,-25,32,14,-31,-9,28,-22,-33,-5,49,-29,-18,-24,-45,20,-19,-53,52,12
-45,34,-12,-51,-15,44,-8,7,-35,36,40,3,25,24,5,53,18,-17,-54,28,43,-37,-33,-14,-13,-39,-31,-20,-47,48,27,-38,23,-2,9,-10,22,32,26,-11,-50,46,-21,-6,1,-42,29,-30,-52,41,4,49,-16,19
48,-45,53,43,47,44,28,-31,-18,-37,52,-32,-26,-16,-50,14,-38,9,49,42,51,-33,-36,25,-24,13,-41,-7,39,35,8,12,22,46,-30,23,10,17,-29,-54,27,-20,-4,-6,2,-34,-5,-1,-19,15,-21,-11,-3,40
6,38,-44,12,-30,-1,17,40,-45,53,-26,-4,-37,-33,54,32,-7,42,23,25,-24,-29,-19,21,-20,11,-46,-35,22,5,-39,-16,14,51,28,-48,13,-2,31,-8,43,-18,-41,3,9,27,-50,36,52,47,-34,-49,-10,-15
9,-53,-11,10,-46,22,-20,-38,-1,-4,3,15,-18,16,-12,-14,-47,13,-26,7,-24,-6,43,21,-44,19,-50,49,40,48,-51,-42,45,-35,34,54,-41,8,-52,-29,37,32,-23,25,-33,5,17,-30,-28,27,31,39,2,-36
28,48,50,-22,-43,-39,40,-51,31,27,32,37,23,-30,46,-49,-26,34,38,52,-45,4,-13,33,-35,17,-10,-1,41,14,-9,-11,-24,-18,25,-53,-12,-19,6,-7,-29,54,5,-47,21,-15,44,-2,16,-3,8,-20,36,-42
37,43,20,13,33,-48,24,15,38,-23,29,-44,-4,19,-8,-31,25,-39,-14,-3,45,-26,10,-7,-17,22,-50,-34,-11,47,16,-40,-5,28,-53,-46,-1,-9,18,32,49,-51,-2,12,-21,36,-30,6,-41,27,42,54,35,-52
3,28,-1,20,-52,17,-15,-26,-22,-53,-40,24,31,39,7,-47,-6,-42,41,-4,-34,9,-30,-12,-43,8,32,-2,-46,23,-13,-27,-54,21,50,48,49,-44,-14,11,-19,18,25,38,51,29,16,-36,-37,-35,-45,5,10,33
-52,-17,-5,31,3,-50,-15,-13,40,-29,-14,38,8,11,7,-34,2,43,-39,21,-20,26,47,-28,-33,-22,45,24,10,49,-4,42,25,16,54,44,-41,-12,19,-9,37,-32,-18,-36,-27,-53,-23,-51,-30,6,48,1,46,-35
33,54,35,-47,-53,-11,46,10,-30,-8,6,-42,-28,34,-41,-36,31,20,-23,-18,52,49,19,45,-40,29,-51,13,-26,9,-17,37,-1,-14,-3,16,-32,-43,-50,25,15,12,38,48,-24,-7,4,-44,-22,39,27,-21,5,-2
-18,32,47,24,-35,44,-40,-29,45,-21,-54,-53,23,34,31,-26,33,1,49,-42,10,39,-13,-4,-27,16,25,43,8,41,-15,-2,-17,-14,5,51,52,48,-22,7,-30,20,-28,-6,-9,50,-3,-38,-19,-46,-36,-37,12,11
-31,-38,29,8,-48,-18,23,-4,46,-11,10,39,54,19,-32,-20,33,6,-14,16,35,-52,-7,26,-36,-24,-40,-51,-3,-45,1,15,-17,41,-21,25,44,2,-12,27,-34,-47,-49,-37,30,-9,42,5,43,53,28,22,-50,-13
49,18,-20,35,28,-52,-17,-29,26,33,16,-48,30,-27,-46,-11,7,-2,-37,3,-38,-32,-40,45,54,-9,14,-5,8,-13,43,22,-10,47,-4,-51,19,21,-53,23,50,44,-31,-42,-24,15,-34,12,-1,-41,36,6,39,-25
-42,9,-45,-36,20,-44,31,-49,-2,26,48,39,34,43,51,-21,23,33,-38,-5,16,-24,-17,22,-40,-10,-32,-29,28,-46,-7,27,-18,-13,-41,4,-47,19,-12,25,35,1,-14,6,3,30,37,-11,8,54,-15,53,-52,-50
-34,-23,48,-41,16,25,22,37,-29,39,18,-49,19,51,-47,-5,46,-11,-13,43,50,-7,2,-36,-6,53,33,-44,9,32,-52,-30,-27,1,-38,24,-8,35,-10,-54,4,45,-20,28,-42,-17,15,-3,12,-21,-14,31,-26,40
-13,50,-48,-12,-10,-28,8,-7,20,5,16,4,1,21,54,-11,36,33,35,-9,-14,-53,-25,-37,23,-47,-43,6,-42,45,38,-52,-18,-40,-19,-17,24,-31,49,34,-51,29,27,-46,-30,44,26,3,-39,-2,41,32,22,-15
13,50,-5,53,3,-54,16,30,-12,42,41,9,-1,-39,-18,-7,47,15,-46,48,-51,31,27,44,34,28,-23,-26,-33,-8,-22,45,29,-25,38,37,-36,-35,14,49,-11,-10,52,-24,-32,19,-17,-20,-40,-2,21,-43,-4,6
-37,-6,-30,50,49,2,-51,-15,-33,17,29,-28,-39,-21,8,-54,-10,40,24,-48,14,23,-22,-19,-53,-35,41,12,-11,3,-44,36,9,-52,26,-32,1,46,13,-18,-27,-47,45,31,-43,-38,42,20,-5,-4,7,34,25,16
-31,44,-15,53,23,-20,16,-46,-48,49,-27,-41,35,51,3,-7,-25,-47,-45,6,-30,-28,-5,-29,17,42,11,22,24,21,1,-33,32,-38,-13,-54,39,34,-37,50,12,-26,52,-2,19,8,18,9,-10,-40,-14,-43,-4,36
-16,-47,-22,-43,40,-9,-37,50,6,21,20,-32,42,28,54,1,-19,-23,17,-11,-10,3,18,-49,48,29,33,-14,-26,39,-35,12,-27,51,31,46,7,45,-30,-5,-53,-13,4,-52,-38,-36,2,-25,24,-8,-34,44,41,-15
-26,22,-20,11,18,41,49,-9,8,-19,-4,-15,-16,-42,12,13,31,-5,10,3,50,-2,54,40,47,1,-36,-43,-33,-38,-17,45,29,44,-52,27,46,30,-51,-24,-6,14,28,-34,-32,-37,-25,-53,-7,-21,39,35,48,-23
47,38,-42,33,-11,-51,23,24,43,-52,5,-28,-22,-46,26,39,-20,-40,-50,17,-53,13,-7,-8,34,-15,48,12,32,37,-49,-29,-4,-25,45,41,-30,-2,-16,18,-36,3,-9,54,-35,14,-1,-27,31,19,6,10,21,-44
-27,-49,25,30,12,-40,-13,-48,-26,-11,10,-5,7,-18,-33,52,-46,14,42,-34,41,-37,-38,-43,-3,9,1,50,-47,-4,-45,-44,15,20,54,53,22,23,51,6,-21,-19,24,32,31,17,29,8,2,-28,-39,-16,-36,-35
-36,19,30,-20,15,-53,35,26,45,-21,47,-42,38,-37,-5,50,-49,33,-2,4,10,-39,34,-44,-40,-8,-29,43,27,-3,-51,-46,-18,-23,-7,1,14,-13,22,25,-54,12,-28,24,-9,32,-11,-52,17,-16,31,48,6,41
