-25,-49,-26,-17,42,-21,-11,-32,16,41,7,43,18,-46,-22,-9,4,-13,33,-48,6,15,-53,-28,1,3,47,24,40,-45,39,8,-19,-44,37,-38,-35,36,-31,-29,-10,-5,-12,34,30,14,-27,20,2,51,-50,-54,23,52
11,-6,-24,39,-43,2,-38,-10,25,8,-1,30,-49,40,42,34,27,-29,-23,-51,-33,48,19,3,-9,54,-17,-45,18,-12,53,37,21,-16,46,50,-32,7,-4,-14,44,-15,5,-41,28,-35,52,-22,13,-36,20,-47,-31,-26
4,-53,54,-1,34,-44,48,25,-20,-52,30,-47,-31,-39,37,-43,-36,45,-51,9,32,-23,22,-27,-8,42,24,46,49,-11,13,-21,40,-5,41,17,-15,50,14,-33,-35,-26,16,6,-18,-28,12,-7,-29,-38,19,10,2,-3
-50,14,16,8,-9,-37,-20,-4,5,28,-41,17,-19,-2,-32,-3,-12,-42,13,7,-30,27,24,-23,31,-39,-22,-10,-34,21,-25,15,-49,29,-40,-48,6,-46,26,35,11,18,47,-52,-54,38,-43,36,33,1,53,44,-51,45
2,-1,-48,-15,29,-32,39,16,-21,33,45,-28,40,-35,4,-8,-19,22,17,-47,9,-18,-42,-50,-34,-46,36,12,-5,41,51,6,-10,25,14,-27,-54,-52,-7,-13,-30,23,-44,43,-11,26,20,3,-53,24,-31,38,49,37
22,8,9,49,32,54,21,-2,-3,-44,-27,-29,43,30,40,52,48,36,51,38,-7,-1,-39,26,-45,-24,11,-50,12,-14,-41,-5,-35,46,33,-18,53,-20,23,-15,31,47,-13,10,25,-34,-42,-17,-4,28,-19,-16,-37,-6
-20,-26,-52,16,14,29,19,-51,-54,-43,35,-33,-30,-5,-46,-4,42,41,-7,1,-47,31,37,32,34,2,-38,-40,-6,13,-22,-24,12,-25,-11,44,-23,27,53,28,-18,-17,10,-36,48,15,21,-45,50,-49,8,3,-39,9
-19,16,6,45,-37,-3,-50,-53,17,-28,54,31,-42,36,27,-2,-9,-21,1,-25,18,-46,39,40,20,-29,-15,10,26,43,-12,33,-32,-35,34,-14,5,44,-23,-24,-51,13,-30,-38,-4,22,-52,-49,48,7,41,47,8,-11
-38,-18,-29,-26,-16,24,33,54,-14,46,-30,-23,25,9,-41,5,32,2,52,-28,47,-42,12,-6,-13,4,40,20,3,11,35,-17,-7,-49,-31,-50,-45,1,-51,-27,15,22,-48,53,37,-10,-21,43,34,36,39,-19,-44,-8
41,-31,-42,-34,50,46,-48,19,-43,-17,-54,14,-32,-12,52,27,10,21,-8,23,-18,-26,-20,38,-29,22,-16,37,25,-47,2,13,39,4,51,-53,-28,-24,-33,49,-1,3,9,45,-44,-6,30,7,-40,-5,-35,-15,36,11
54,45,32,-25,29,53,43,-35,-26,-41,18,-22,47,20,48,50,-40,-11,24,-14,-39,12,44,-19,4,9,-31,-30,-5,28,27,-3,38,49,8,52,51,-33,21,17,10,-46,-7,-23,-2,42,-13,-15,-34,-16,-37,-36,-6,-1
-27,20,-12,6,49,-4,-9,44,7,31,46,3,-50,19,38,-22,-37,-32,-14,-2,-43,16,-30,39,35,53,1,47,34,23,-10,18,-51,-29,-25,-45,17,-15,-24,-48,-52,54,21,-8,36,-11,-28,40,-5,13,33,41,-26,-42
28,-17,-10,50,-45,15,-22,39,33,3,-51,46,24,-25,-6,-49,2,-41,44,-52,29,7,-47,-13,14,-54,34,-1,-21,-43,32,-31,-9,-27,-36,35,-38,37,-8,42,18,-40,30,-19,5,-12,23,53,16,-4,11,20,-48,26
46,23,34,-8,-18,-49,25,4,-52,19,15,24,-43,-47,-11,28,22,5,-10,48,31,-17,-2,-12,-7,27,-26,-16,37,50,-21,36,42,-3,44,-32,-29,-41,45,-54,38,-33,13,-35,-39,-1,14,-20,6,-30,-53,9,51,40
45,-40,-39,-18,-46,43,-28,-25,22,-34,-48,-37,53,52,-24,-44,-54,4,20,-19,-41,-9,42,15,8,50,51,7,-32,31,-30,29,49,10,-38,-47,12,35,3,2,21,-23,-6,16,-1,5,36,11,-33,-26,-27,-14,-13,17
-16,32,-31,-42,40,8,-36,-6,-44,12,-49,-10,-21,41,28,1,-34,54,26,-24,13,51,-37,20,-52,-19,-43,-15,38,-35,3,-2,47,17,30,7,23,-29,-48,-5,-14,4,27,9,53,-50,-33,39,11,46,-22,25,-45,-18
5,18,24,38,-1,7,-6,26,-32,-49,-53,29,50,22,39,45,28,-2,-44,-33,46,-14,48,-3,-27,-8,25,-17,-12,34,-40,-9,-20,-30,-47,37,-36,-4,-15,31,52,51,-54,19,16,-21,35,-23,10,-13,42,-41,11,43
-54,-41,-23,-5,4,-38,52,33,35,29,36,-26,-37,-42,-17,44,15,-19,18,46,-49,28,3,-32,53,12,-39,-22,-10,-48,45,24,-8,-40,-9,-11,13,6,27,34,2,14,51,-16,-31,-20,-50,30,21,47,-43,-7,-25,1
51,34,-53,31,-35,-23,-43,-28,-39,-11,10,25,-20,26,-18,-17,16,15,-40,13,54,-52,6,49,-12,-14,48,8,-50,-46,-4,-37,41,-2,5,45,32,47,9,19,-33,-44,7,42,-36,30,-38,-27,-24,29,-1,22,3,-21
-15,-25,46,23,24,-26,42,22,36,48,-21,-32,-16,-49,1,13,-20,37,-29,17,11,-8,-4,-5,2,6,-53,50,19,40,38,12,-54,-47,-52,-9,-18,-31,51,-30,-44,-7,45,41,-43,-3,34,-10,14,-28,-39,35,27,33
-12,-36,20,-40,11,19,-47,-13,-31,43,-5,1,8,44,22,38,30,-49,-6,-3,33,-15,25,54,-23,-51,-46,53,32,-17,9,-29,-21,37,42,2,-34,-16,-50,4,-45,-35,-10,-14,41,27,7,52,18,39,26,-48,-28,-24
-23,43,21,-32,-50,44,-42,47,-17,11,-10,48,46,15,-14,-39,9,-35,25,49,-3,26,1,-38,-19,-22,29,-34,-27,33,-45,4,-30,28,18,-37,36,24,16,-52,51,7,-2,-6,31,-13,-8,-12,-20,5,-41,40,-54,53
27,-23,-25,28,47,12,30,-26,18,-38,17,-6,34,-29,-33,-35,-11,-9,54,-42,52,49,2,41,3,8,-1,-4,14,-7,43,39,15,-13,16,-51,-44,10,-32,53,-24,20,-31,37,-46,45,-5,50,-22,-48,36,-21,-40,-19
-53,-39,-20,-31,36,-54,-10,14,19,7,28,-49,-47,-8,-42,-18,-30,16,-9,3,-22,21,-46,-26,-41,24,-50,-11,35,17,4,-44,37,40,-29,-5,-33,-52,2,-34,25,15,48,32,51,23,13,-43,12,27,-45,38,1,6
-36,54,-35,19,51,-40,47,-52,14,17,-23,53,20,-9,49,37,-10,-48,-4,-13,-26,-30,11,50,-33,21,45,44,-38,22,-46,34,25,-32,3,1,-16,29,-43,6,42,-41,39,-28,-27,31,-7,18,-15,-24,-5,8,-12,-2
43,31,48,-38,-54,-18,10,9,-8,-7,41,33,52,23,25,35,34,6,27,32,49,-47,-14,-51,-15,-42,-19,45,-39,-36,-2,-20,-12,-17,-16,30,50,4,29,44,-11,26,-1,-40,-28,-53,22,-3,-21,-37,24,-13,46,5
19,22,-5,32,3,51,-40,-14,-15,21,-46,39,16,8,9,-13,37,-23,-1,-27,-10,-2,18,48,38,-34,20,-44,41,47,36,-4,45,26,-50,-31,-17,-25,-12,7,-29,-53,-49,28,-33,11,-30,-24,43,35,-6,54,42,-52
29,-50,-51,-10,-26,-19,11,42,-16,4,-7,-27,-33,38,-52,9,-46,-45,6,43,48,34,30,47,-32,5,12,-39,-1,-23,-53,25,13,-22,40,-54,44,-14,28,-35,49,-8,-20,-37,18,17,-24,-21,-41,2,3,15,31,36
-8,-22,18,26,-11,53,-49,1,41,-12,5,10,37,-28,-30,54,25,-3,-33,34,27,2,40,-29,-17,-4,-21,14,24,15,-44,-48,19,-20,45,42,-13,51,-46,-23,-9,-36,52,31,-35,39,50,32,7,-47,-38,-43,-6,-16
53,41,25,21,-15,17,23,-12,26,42,-35,8,36,45,5,46,-6,52,30,-43,-4,-24,-7,22,-3,-9,-40,29,-28,-19,-38,-49,-50,-39,11,-13,48,31,34,27,-2,-10,20,-47,-14,-16,44,-37,32,33,-54,-18,-1,51
10,36,-7,15,54,30,3,-50,47,-1,-40,-31,-18,43,-4,-41,23,13,-32,27,-29,-33,-17,-25,24,37,-20,-46,21,-6,12,19,22,51,-45,-2,-26,-39,38,11,16,52,-14,49,35,28,-9,-53,-44,8,-34,-42,48,-5
-26,4,38,-2,9,-25,-52,37,-5,-51,20,41,-48,-17,21,-45,14,-27,28,-11,-15,47,32,-43,6,1,18,-19,50,-42,49,-23,46,-53,-44,-40,-8,-3,-54,36,-12,30,24,35,16,-33,-22,13,-31,-29,10,7,34,39
-43,-30,-28,47,37,48,31,-49,53,-54,-32,44,-45,35,-41,26,33,-39,-50,-22,25,20,-34,-46,-21,-16,42,3,-52,2,-7,11,-17,23,-14,51,-5,40,18,-38,15,-27,1,-12,13,24,-4,-6,8,19,-36,29,-9,10
25,-44,12,-20,-24,-7,6,-47,-35,53,33,-3,28,-26,18,-29,-43,-15,41,4,-51,-31,46,5,-1,14,-30,-13,16,27,22,-38,-11,48,9,-52,54,32,-40,39,-19,49,17,2,-50,-23,8,-34,-42,45,21,36,-10,-37
-39,15,50,11,-53,34,49,-24,-30,-47,-4,20,32,46,-2,51,-45,35,-31,-12,37,-40,52,8,43,-27,26,38,36,9,19,-13,54,-6,-18,-29,-21,-28,1,22,-42,41,-25,-48,17,-14,10,44,-7,-3,-16,-23,5,-33
24,49,-36,-33,41,-45,-32,11,44,-21,-8,47,35,-31,19,-52,38,27,-15,-34,10,46,29,-1,-40,-53,-18,39,-23,-54,14,7,4,20,-13,3,-42,-17,-28,25,-5,37,50,-9,6,-22,-12,51,-2,-43,-48,16,26,30
9,-37,30,7,-52,-43,-4,15,-1,23,50,-44,-39,17,-8,33,-14,34,-48,35,-28,54,-10,29,-46,-47,-32,21,-24,-3,-51,27,-16,-18,-20,-41,2,45,13,-53,36,-49,6,12,-38,25,26,19,42,-11,31,5,40,-22
49,47,-40,-6,21,4,22,-33,13,54,-19,18,-9,-37,29,20,53,-12,11,-16,-5,-7,-35,-36,44,51,-43,-31,-15,-50,28,48,8,-42,23,24,14,46,41,3,-39,34,27,-25,52,-38,-2,-32,-1,30,-26,-45,-17,-10
-24,-8,28,-14,15,-31,18,2,-41,-33,-13,-35,11,4,-5,32,-51,-7,39,-29,-44,-45,-27,1,47,-48,23,-3,20,37,6,-16,10,-50,12,46,-30,53,-19,43,9,-52,-40,21,22,-36,-25,26,-54,34,17,42,-38,49
-34,52,-54,48,-22,32,-19,-45,12,35,29,-9,-46,-23,-50,-53,18,-17,7,36,28,5,14,43,-37,41,44,-21,-11,-49,-39,-6,-42,1,-10,-20,25,-47,31,-51,-26,33,-24,-27,8,13,38,-4,30,15,40,-2,16,3
-3,-5,1,51,2,-36,53,21,23,45,26,-38,-34,54,-27,42,-31,29,-35,-37,-8,-49,-9,-30,40,-11,15,41,-18,24,17,-33,32,13,19,6,20,12,44,-25,-28,-16,-47,-39,-10,-48,43,46,22,-52,-4,50,-7,-14
40,10,8,-22,26,25,-31,-3,-34,-2,-12,11,-44,49,45,39,-18,17,-37,-53,-52,4,-29,36,-6,-5,-28,27,23,38,7,50,-43,9,48,-24,19,-30,-16,-1,-54,-47,33,13,-15,-51,42,-35,-14,-32,46,21,20,41
37,35,-41,-48,-14,-29,-17,18,-12,49,27,9,23,5,-40,-26,7,-8,34,33,44,25,-13,52,-22,16,-11,43,6,-39,47,38,-20,-19,-2,54,-1,-32,30,15,3,-50,-28,-21,-51,53,-31,4,-10,42,45,-24,-46,-36
-11,-21,51,41,-23,31,28,30,-33,50,1,-15,44,-53,12,-27,-35,20,-38,-18,2,43,5,-48,-49,-45,16,-7,-42,-8,-6,40,9,-52,17,-46,39,19,-37,-32,-4,29,-22,-13,26,36,54,24,25,-10,-3,34,14,-47
17,53,40,14,-47,49,-33,-11,45,-42,8,28,-26,-4,30,19,-1,-36,-16,50,22,-21,-25,37,23,13,-54,-12,46,-15,-35,-39,7,38,31,18,-24,-34,32,-3,43,10,-41,48,-9,-29,5,-44,-6,-20,52,-51,-2,27
33,-34,-6,-30,44,3,35,19,-27,37,-25,-24,-38,-45,54,-20,49,50,8,16,-31,39,-36,-12,11,52,9,48,51,4,21,42,-1,2,-7,23,-10,13,-22,41,-40,-32,53,-5,14,47,-46,-28,-17,-18,-29,-26,-43,-15
-2,1,19,18,-51,-22,41,17,-29,40,48,-34,31,27,-43,-23,-8,-4,-3,-49,35,6,16,33,32,-28,-14,26,9,36,-13,-25,-24,12,-21,-30,42,39,-38,-10,-7,-37,15,-53,-47,-52,45,-11,20,54,5,46,44,-50
8,-45,-44,37,6,-5,-27,-1,40,-23,38,-48,21,-51,-31,25,26,47,50,39,-13,-53,10,-52,-16,-17,7,32,-30,29,15,-28,34,-33,-54,-49,-4,-11,-20,-9,-46,43,-42,3,2,41,-18,12,36,-19,14,24,22,35
42,40,-38,54,48,26,-39,43,-47,14,-17,15,-36,-10,-12,-50,11,30,-45,52,53,-41,34,-33,29,-6,46,-35,-25,-18,-37,49,24,-23,28,13,31,3,7,-2,22,-1,-8,51,19,-27,9,-5,-32,16,-44,-20,-21,-4
-37,-35,23,-41,-21,-28,54,-44,-25,-26,24,-40,27,33,47,53,-29,-31,-34,-32,5,45,-3,-11,9,10,-13,6,17,48,18,20,-14,19,2,-39,1,-42,36,12,4,38,-51,8,-22,-49,-15,-30,46,52,43,-50,-16,-7
21,-47,36,17,-19,10,27,-18,37,-6,-39,51,-29,-52,20,-32,-4,8,5,-15,-1,35,45,42,-53,-41,-7,-49,13,44,48,16,-46,50,-22,-3,-9,-54,11,-43,26,-24,40,-30,-23,33,2,-31,28,-34,-12,14,25,38
14,23,-15,-53,-42,-16,9,46,-7,-35,32,-45,54,-1,3,6,29,-38,49,44,39,-51,-2,-40,-28,-43,50,25,-17,-34,-36,-11,52,30,10,31,47,18,-21,24,-48,5,26,-20,12,-8,-37,41,-19,-27,22,-33,4,-13
-10,42,31,27,43,13,-44,23,-37,1,14,-25,-6,-11,-38,29,-33,-24,-26,45,-40,41,-8,18,12,19,-4,-53,-16,-32,-3,30,17,-36,-48,34,9,15,-47,21,-22,-2,-5,7,-20,-54,39,35,-50,49,-52,51,28,46
-9,-20,-32,43,31,-24,-54,48,1,-45,-29,-39,-14,13,26,23,-44,28,-46,2,-38,-27,-16,6,41,-15,22,-18,11,42,-5,3,-36,52,50,33,-40,21,12,37,-25,-30,-4,17,10,19,-51,-8,53,-35,47,-34,-49,7
36,24,45,-13,14,-17,8,-7,-50,-37,51,42,4,-5,-28,-19,6,-33,16,-23,-46,-43,20,-2,-39,34,-41,15,53,-52,40,-35,18,-26,32,-1,10,-44,25,-31,27,-12,22,38,-3,21,-54,49,-48,9,-11,30,-29,47
44,8,11,36,-20,39,-18,-2,-42,30,-3,-41,28,-16,31,14,50,7,-24,5,34,-38,26,19,49,-23,-48,-13,-47,-10,-15,46,53,-21,-51,-4,52,22,-6,-45,12,9,54,-1,40,-32,29,27,-25,-17,35,-37,-33,-43
-49,-28,-8,-19,-41,50,37,3,-36,-24,43,-54,-35,21,-48,30,-53,39,4,31,-14,23,-22,10,45,33,38,2,42,-16,-20,-47,-26,-46,13,9,-7,-27,-18,51,5,-29,-11,52,-25,34,32,15,1,-6,-40,-44,17,12
18,25,-46,-23,-7,-34,5,36,24,-19,-44,26,51,48,-53,47,-21,-1,10,-40,17,-50,4,-9,-2,-12,41,-29,28,-31,30,52,-38,6,-37,-8,35,33,-45,20,-27,-54,49,11,39,3,-16,-14,-43,22,-13,-32,15,42
-4,-27,22,1,53,41,-25,50,15,-39,13,38,-11,-36,-9,-21,-24,23,47,-37,16,-3,-18,17,7,43,2,-52,-51,45,-33,-42,31,44,-49,14,20,-12,10,54,-6,32,-26,-34,-30,48,-19,-46,35,-8,29,28,-5,-40
31,-7,4,-3,-32,-42,2,-29,30,51,-50,-43,-52,-21,33,49,40,-20,-41,18,14,-54,27,46,-44,47,-23,35,8,-9,-1,5,-15,-45,-28,48,-39,-53,37,-17,19,6,12,25,34,-24,-26,-36,-16,11,-10,13,38,22
-14,11,-22,-45,-6,5,36,51,-23,26,-2,34,15,1,-13,-31,24,-37,-20,19,-48,3,9,-17,-35,-10,-44,-41,-54,-38,16,53,-47,-12,25,-7,18,30,-52,-49,28,50,-46,27,4,43,33,21,40,-42,-8,39,-32,29
-48,-51,-34,33,-25,-15,-16,20,52,-46,21,45,39,53,6,7,-50,43,31,-8,-11,32,49,-54,5,28,30,-26,47,-27,-19,-22,-4,3,36,-35,41,42,-13,-44,-37,-38,-18,40,-12,10,-29,1,-23,17,2,-9,-14,24
16,26,-33,-49,52,21,15,13,27,32,-22,-42,-8,-50,-7,-1,31,-40,-36,-45,-6,11,-51,35,-38,-2,-9,34,-41,54,-17,-10,3,-28,-24,19,-46,25,48,18,29,12,44,-43,20,37,-53,-39,4,14,23,-5,47,-30
52,-15,35,-11,19,38,-14,-40,-24,-25,4,27,45,7,2,36,46,-54,-5,-31,41,-37,-43,9,10,-44,-12,42,-48,-53,20,-34,-39,32,-3,-16,22,-6,33,8,-21,-28,23,26,-13,-17,-49,29,47,-51,50,-1,30,18
-7,51,-47,-36,18,-11,1,27,54,38,6,-52,49,-32,-20,48,-28,-5,-43,15,24,53,-33,-21,-46,-31,-8,17,39,35,26,14,23,-41,-30,4,40,-10,-29,-37,34,-45,19,-50,42,25,3,-16,-13,44,-2,12,-22,-9
-47,-32,13,52,-33,-35,-23,40,-38,16,12,-11,-3,-15,14,-10,54,48,29,30,43,-27,7,-39,-31,46,22,-51,-19,-20,25,2,5,53,6,49,45,9,24,-8,-50,44,-21,-42,-37,-26,1,-18,-36,41,28,-4,-34,-17
-44,13,17,10,28,20,-34,-36,43,-4,-38,50,-2,29,35,-33,-3,-51,32,-6,-45,52,54,30,39,-49,37,-5,-14,-24,-48,-19,16,7,-15,8,-27,11,-25,47,-53,46,-9,1,21,-42,-40,31,26,-12,18,-22,41,-23
39,38,52,-54,-49,14,-21,-16,-22,27,44,32,33,-6,-47,8,45,46,36,-35,7,9,-28,-42,-48,40,-10,23,43,51,41,-12,-13,-37,20,-19,34,-2,-1,-26,-31,24,-29,-11,-17,-18,15,25,5,53,-30,-3,-50,4
-5,33,-4,3,1,11,29,31,38,-16,-6,49,-41,-24,-54,10,-23,-44,45,37,42,30,17,14,-47,-50,39,34,-7,-22,-8,-51,-2,-28,-43,53,-20,-9,-27,-46,13,-21,35,18,-19,40,25,-52,-12,26,32,48,-36,15
23,-13,41,-46,-10,40,-26,-37,49,5,-20,-30,2,-38,50,-47,-39,51,-53,11,-36,-34,-1,28,42,7,43,-24,-35,12,33,44,-31,22,29,21,8,14,17,-6,-3,-25,-27,-32,-52,4,16,-54,-9,-15,-18,45,19,48
-18,44,-19,48,22,-50,-12,30,-45,39,31,7,-15,51,13,-25,43,1,3,-36,-53,-5,-24,23,16,49,-33,-37,54,-8,-11,-52,27,47,-42,20,28,-40,-10,38,46,35,-17,-2,9,-41,-34,-4,-26,6,-14,32,21,-29
-46,17,-49,-21,-31,-48,45,-42,34,-14,-36,-16,26,10,-39,12,-2,-25,-22,51,4,19,43,-44,18,-13,-37,-33,30,-29,5,54,28,-9,53,11,27,52,15,-50,47,8,-23,24,-7,1,-41,6,3,40,-20,-38,-35,-32
50,9,10,-43,-28,23,-29,-39,-2,-3,42,22,-40,-18,36,-30,44,14,21,-38,-19,-12,-6,34,-54,31,-51,5,7,16,-26,35,-48,-24,-32,-15,-52,20,8,13,45,-11,4,-17,-41,49,53,33,-46,-1,27,37,-47,25
-42,-29,-50,-24,25,36,13,32,28,34,51,-53,-7,31,23,-37,47,-22,46,54,-27,18,-15,4,-5,30,21,-9,2,-26,-14,-8,-44,-10,38,-6,16,-35,40,-39,-43,1,41,33,-48,-19,-17,45,-52,3,-11,49,12,-20
30,48,33,29,-27,37,44,-23,-53,-15,-18,-19,17,-54,10,41,-13,11,12,24,51,50,8,-20,-26,25,5,-32,-4,-1,42,28,-3,39,-46,43,-6,-49,-34,52,-16,-31,-36,-7,47,35,-45,-2,38,-22,-21,-40,9,14
-45,-11,15,-52,20,-39,-41,-22,46,-30,2,40,-28,16,-3,-14,-38,-47,-54,-5,-25,8,-44,-53,21,-36,-34,13,-31,10,29,-50,35,27,-33,26,-48,17,6,-12,7,-43,42,23,1,-9,18,37,-51,32,49,4,24,19
-35,37,14,20,-8,-52,12,5,-18,-50,47,-7,41,-3,32,31,51,9,-25,-4,26,-44,-54,-49,19,-21,53,-42,-46,39,-16,-15,48,-38,1,-43,-2,34,-30,45,-13,28,36,22,-40,29,-11,-33,24,10,-17,6,-27,23
26,-48,-17,-44,27,-14,40,35,-28,20,-37,-24,-53,6,-45,18,3,-16,-47,-10,30,38,41,12,36,-1,-5,9,52,-21,-32,31,43,42,-8,-25,11,-22,-49,-7,-23,-34,-33,4,15,50,19,2,39,-46,54,-29,13,-51
-28,-4,39,2,7,9,-5,-20,-6,-13,-47,-51,10,-19,34,24,-52,-26,14,8,-23,36,21,-16,-30,18,-35,1,44,25,46,-54,-37,-15,27,-22,33,-43,-3,50,48,53,38,-29,49,-31,11,-41,-45,-40,12,17,-42,32
-32,28,-27,-35,-30,-12,38,29,51,47,-24,6,14,-13,-21,-34,-48,44,-42,-46,15,40,-45,11,-50,-37,3,-2,-8,5,-43,1,-52,16,4,41,26,-7,49,-22,-36,19,31,-18,23,20,-10,17,-39,25,-9,33,54,-53
-41,-19,-43,12,35,-33,46,-27,42,52,22,-4,48,-44,-51,-24,21,31,2,47,-17,-11,28,16,30,-49,8,-23,-40,-25,-18,-53,6,45,-5,39,-50,54,-36,29,1,-9,3,14,-34,-7,-20,-13,26,37,15,-10,32,-38
38,-33,7,9,-40,35,-3,53,-4,-29,-31,-36,-22,50,-34,-48,-26,24,-30,25,-32,13,-41,-18,-20,17,-45,49,10,19,11,21,2,15,-6,12,-51,-1,-42,5,23,39,-52,-54,27,-47,46,16,-28,-14,37,43,-8,44
6,-42,-45,-27,13,-1,34,10,-11,-8,9,23,-5,28,24,22,-32,-46,35,-39,40,-16,-12,-15,50,36,4,-14,-53,-44,-52,17,51,-7,-19,-26,-49,43,20,-21,54,2,-38,30,3,18,-48,47,37,-25,-33,31,29,-41
-51,6,-9,-37,-44,-2,-35,24,3,22,-28,36,38,32,46,-54,39,42,40,41,-50,-10,53,-8,33,48,52,11,45,49,-47,-14,-25,-43,7,-12,4,-13,-17,-19,-20,-18,34,5,-29,-15,31,-26,-30,21,1,-27,-23,16
-17,-46,42,44,-12,16,-15,-31,-49,36,25,5,22,-30,7,-6,1,38,48,53,-24,-13,51,21,-11,-52,-29,54,27,14,8,-41,-40,35,-34,-10,-47,-18,43,33,32,-3,-39,-4,50,2,37,-19,9,-45,-23,26,-20,-28
32,5,-13,-9,-2,-20,-46,-30,4,18,-26,-14,3,12,-29,40,19,-10,-17,6,-42,33,-50,-41,48,11,-36,-47,15,8,-49,-1,-22,-54,-53,27,-43,-45,52,-16,24,21,37,-51,38,7,28,-25,31,23,44,-39,35,34
35,3,-2,53,16,-41,50,-38,-19,-31,-34,13,-12,-40,17,-5,-15,-43,9,-44,23,-39,-21,51,46,-32,-49,52,-37,-33,10,26,30,11,-1,47,29,8,22,14,6,45,18,20,-42,-25,-36,54,27,-7,-24,-28,-4,-48
7,-38,5,-16,-3,42,-1,34,29,-53,39,19,-31,24,-23,4,41,40,-12,26,36,37,15,-14,-51,-20,32,30,-9,-28,13,-27,-45,-8,49,-21,-22,2,-11,-18,-17,-6,-50,54,33,52,48,-47,-35,43,25,-46,10,-44
-52,7,47,42,45,-46,-2,-43,-40,-27,16,35,-51,34,-25,-11,-49,53,-39,-54,50,44,-26,31,15,23,10,-36,33,-37,-24,41,-29,-14,-12,28,30,-48,19,9,-32,-4,8,-22,-5,6,-3,38,17,-21,13,1,-18,20
-33,50,-39,-28,-17,-30,51,52,21,44,-15,-20,29,-48,11,-42,5,25,43,12,-9,-36,31,45,-18,-38,49,4,-13,6,-23,-46,1,54,47,22,-53,26,3,-41,40,16,-19,-10,-24,32,-35,14,-27,-2,-7,-8,37,-34
13,46,43,-12,-48,-47,32,-21,-51,-36,-14,4,-1,11,-16,15,-22,-30,-28,29,8,17,-40,-35,26,-25,-42,19,-20,18,34,-7,-53,-31,24,10,-41,-50,-44,23,37,27,-3,39,54,-2,6,5,52,38,9,-49,33,-45
-30,-9,26,25,39,27,-53,-54,2,-40,19,-17,42,-33,44,-46,12,32,-11,-21,20,-35,-52,-37,-4,-3,-6,-43,-45,1,-50,-18,14,36,22,-34,24,48,-5,10,-49,-13,28,-15,29,16,51,-38,41,31,-47,23,7,8
3,-24,-1,-47,-36,-9,-8,7,6,25,-16,37,-17,-20,53,11,13,-52,38,14,45,-48,50,2,-10,44,35,33,-49,-41,54,43,-28,-51,-27,5,-12,-19,46,-42,30,40,-32,-26,-21,-39,4,22,29,-23,34,18,-15,-31
15,19,-18,46,17,-10,-51,-41,20,6,40,21,-54,47,-1,-28,-5,3,-2,-9,-12,-29,-48,25,-24,-35,-52,16,22,32,-34,-30,50,31,26,-44,43,49,42,-11,8,-39,-37,36,-53,-4,-14,23,-38,-33,7,27,45,13
34,-16,44,30,33,47,14,-17,-13,-48,52,-18,9,-7,41,2,8,12,-27,40,-35,42,-32,53,37,29,19,51,-26,-4,50,23,-5,-1,21,38,-25,-36,54,-20,-15,-22,46,-3,-49,-43,-6,10,45,-31,-28,-11,-24,-39
-21,-52,27,22,-38,45,-13,49,39,24,-43,-50,7,25,-37,-36,-47,-34,42,-41,1,-4,33,-10,-14,35,-3,-54,48,53,44,-40,-23,18,-26,16,15,5,-9,32,20,-19,11,-31,-6,51,17,-29,-8,12,-46,2,-30,28
-29,21,-16,-7,23,-51,4,38,-32,-22,-45,52,19,-41,-49,3,-27,-53,-13,-30,-2,10,-5,-47,28,-33,17,-25,1,20,37,9,26,43,39,-42,-31,-8,-35,-44,14,36,-34,40,11,54,24,-50,15,48,6,-12,18,-46
48,-10,-21,35,12,-27,-45,-9,8,2,37,-5,-24,-43,51,17,-16,-50,-49,-26,3,-32,38,13,-36,20,6,40,-44,46,-54,22,-34,33,-4,25,-11,-23,47,-28,42,-41,14,29,7,-30,-39,-1,19,18,-15,53,-52,31
-22,30,37,5,-4,33,24,-48,50,-20,34,-13,12,42,-19,-38,52,49,15,10,-54,1,35,-7,27,39,-25,31,-36,-2,-28,51,-6,-11,-23,29,-3,16,-26,46,-47,-14,-53,-45,44,-40,41,8,-18,-9,-32,-17,43,21
-31,-54,-30,-51,38,28,-37,-46,-10,9,-52,16,-23,18,-35,-12,-25,-14,-21,22,19,-20,13,27,17,45,-24,-6,-33,3,1,-43,29,41,15,40,7,-5,-53,-36,-34,48,32,50,-26,8,49,-42,-47,-44,4,11,39,2
-40,12,-11,-39,-21,-8,26,6,48,15,3,-2,30,-22,-10,-51,-42,19,-18,-50,5,14,-38,-34,-43,-7,33,36,31,-13,-29,-45,-27,24,-41,-28,46,23,4,1,35,17,25,47,32,-37,-44,-9,54,20,16,-53,52,-49
-6,39,49,13,-29,1,20,-15,11,-32,-9,54,-4,37,8,43,35,-28,53,-7,-34,24,36,-22,51,38,-47,18,5,52,-42,10,44,21,-17,-23,-14,-26,-2,48,50,31,-16,-33,46,-45,27,-40,-3,-41,-25,-30,-19,-12
12,-14,29,24,-39,-53,17,45,31,13,-33,-1,-10,2,-36,-40,-7,26,-52,42,-37,-25,-49,-4,22,-18,28,-27,-3,-51,-9,47,11,-48,43,15,21,41,5,16,-38,-20,-35,46,-8,-44,-32,34,23,-54,30,19,6,50
20,-12,-14,-29,10,-13,-30,-34,-46,-5,53,2,6,3,-26,21,-41,33,22,-1,-16,-19,-31,44,-42,15,54,-48,4,7,23,-36,-18,8,52,32,49,-51,50,-47,17,25,-45,-24,43,9,40,28,-37,-39,38,-35,-11,-27
-13,-43,53,-50,30,52,-24,41,-48,-18,-42,-21,1,-34,16,-15,20,10,37,-17,12,29,47,7,54,-40,31,-38,-22,-5,-27,45,36,14,-39,-33,-19,28,35,26,-8,11,2,-46,-32,44,-23,9,51,4,-49,-6,-3,-25
47,27,-37,34,8,18,16,-5,10,-9,49,-46,-25,39,-44,-7,36,-6,23,21,-20,-28,-19,-45,13,32,-2,22,-43,-40,52,-26,-41,-4,54,-17,3,42,-14,30,33,-38,29,15,24,12,-1,-51,-11,-53,48,-31,50,-35
