-54,17,26,-53,25,-50,-41,-16,48,-37,14,-43,-45,-11,-40,8,-2,39,-47,35,-30,34,24,-23,-5,-3,-36,33,-32,21,-52,29,-28,-22,-20,27,10,-42,-18,15,7,38,12,-46,13,44,19,-9,51,6,-49,31,4,1
-51,10,53,40,13,7,-6,18,50,-2,47,22,-5,-26,-44,-41,49,-8,46,33,27,-12,-32,25,-24,14,-21,39,35,-34,37,23,-20,30,-29,-38,-31,36,-28,-4,16,-43,42,15,-48,-19,-11,45,-17,-9,1,54,-3,-52
40,-18,-6,-26,54,3,35,-22,-37,38,20,19,17,-33,-47,21,-13,2,-12,-11,-16,8,-24,23,34,4,36,52,-44,39,-50,-42,14,-25,-7,-27,9,-10,-30,-1,-43,32,41,29,-49,53,15,51,45,31,-48,-28,-46,-5
22,-54,18,-51,-37,-53,33,-36,12,-21,-24,-9,31,23,27,-19,-52,-3,16,-47,10,-1,-14,11,50,-48,-15,-46,43,-38,-13,-39,-7,49,42,8,5,30,32,-45,44,-35,-29,-41,40,28,20,26,-34,-25,4,17,6,2
-39,45,-32,28,-8,-40,-11,5,47,48,7,-44,19,-16,24,14,31,-27,-13,-42,50,-41,54,-15,-52,51,18,-4,36,34,-17,3,43,-30,-49,-29,46,-53,1,6,22,20,-33,12,-2,-37,-9,-10,35,-21,-26,25,38,-23
42,-24,-36,-11,23,53,34,-51,-19,17,4,27,-32,-46,-48,35,-10,-41,9,38,-45,30,-5,2,40,-28,-12,26,-50,-22,44,13,52,-7,-16,3,-43,-20,-54,-25,18,-1,37,-31,21,14,49,15,-47,29,8,-33,-6,39
-15,-14,-44,-27,12,-22,-35,32,13,-28,-43,-5,-9,2,1,-21,26,24,42,-40,16,6,-29,-18,36,-17,4,10,23,37,-33,-8,31,-47,7,-25,-30,45,-48,20,-53,-19,11,3,-38,49,34,39,-46,51,-50,-54,41,52
46,6,16,43,50,-2,-44,-37,-12,-42,-45,9,24,32,-49,-3,-41,-29,-27,36,52,35,53,-13,-30,-38,19,-34,18,25,48,-14,-54,28,-22,-20,8,26,-51,47,17,10,-4,7,11,-1,-40,-31,15,-5,39,-21,-23,33
16,28,21,-7,-19,-37,4,25,-53,-48,-50,41,-39,35,-52,-1,-45,38,5,42,-3,-47,36,-26,-8,24,-31,-2,51,49,27,46,-43,44,-14,-23,6,-18,13,54,-12,-20,33,-34,17,-32,22,10,-30,11,-29,15,9,-40
-36,46,-38,52,-28,44,15,23,-13,27,-12,11,9,-39,-7,49,-32,30,-33,48,41,29,-8,54,45,53,-10,5,-22,-18,42,17,19,37,51,1,-34,3,14,-50,-21,-31,-47,-6,-25,-2,43,-20,-16,40,-35,-4,-26,-24
39,-15,-47,-54,-27,26,20,-46,37,-35,52,-53,18,31,2,-45,30,-13,-29,-7,22,-21,34,-48,-44,-6,5,-43,19,-17,-14,-49,-42,-23,10,-41,-9,-50,-1,-51,36,33,28,25,16,8,3,24,32,38,40,-11,12,4
50,23,-45,47,46,14,-22,-25,11,-41,-9,-28,51,-6,-34,27,18,-17,31,53,29,7,-2,42,8,38,-16,12,-21,35,-19,33,-32,15,-30,-54,43,-26,44,48,10,-24,-37,-39,3,-5,-4,-40,52,-1,-13,-49,-20,36
-7,48,37,-31,40,-41,1,30,-18,32,-51,24,-53,28,-16,15,54,9,50,27,-34,-33,-49,-12,-36,-52,-20,-14,-43,-8,4,-10,22,21,-42,25,-3,39,-38,-5,6,35,29,47,-46,45,-44,-2,23,-19,11,26,13,-17
-53,24,41,54,-14,-25,38,-20,52,45,33,28,-43,5,-32,46,-44,29,-34,8,-40,-30,-36,-2,6,48,31,-12,-18,22,-27,15,-11,19,50,23,42,-7,-49,21,-3,-37,13,17,-10,-16,-51,-26,39,-35,47,-9,1,-4
34,-31,5,-6,-3,4,-28,-23,-21,-32,-35,53,37,19,40,-51,46,-52,-14,-29,9,33,8,44,-47,36,-38,7,20,-39,2,10,-22,-1,11,-26,-13,27,30,-15,43,-54,-41,-24,-50,-17,25,49,-48,45,16,18,-12,42
-29,-52,-48,25,8,-45,-9,-5,7,49,46,-16,30,-34,-33,12,-27,-31,47,22,43,-20,-42,40,-4,50,17,54,1,-13,18,-37,15,14,-36,35,32,-39,38,24,51,23,-21,53,6,-11,-19,3,-10,-26,-41,2,44,-28
52,-36,-11,-37,29,23,26,24,30,34,3,48,15,18,-13,32,-21,-14,39,45,17,-54,-6,-8,-53,-7,-49,44,-5,-9,41,-16,-46,-10,38,2,4,-35,-19,43,-31,-51,-40,-28,-20,33,-50,-12,27,47,42,-1,25,22
32,16,50,-20,-52,-38,-33,-15,-36,23,-25,-30,-41,26,8,-2,-29,53,-45,4,-51,28,-10,-42,11,-14,-43,-22,17,12,-40,-1,7,-48,-44,9,49,6,54,31,13,24,27,35,19,-47,46,34,-37,-3,21,5,-18,-39
18,-38,-31,-17,36,48,-27,44,29,-24,42,-49,45,-23,34,20,4,-1,32,-16,-54,39,14,10,52,-43,7,37,-9,-50,3,-19,-51,-15,47,-5,-28,2,-22,-53,-46,-11,26,-8,-13,41,-35,-6,12,30,33,-25,40,21
-40,51,-12,27,52,42,50,21,-43,14,-28,3,23,-10,-16,15,-24,-32,29,25,-8,-36,-13,17,-20,33,-4,11,-19,-49,46,18,-26,35,-34,22,39,47,-37,1,45,-6,9,-53,-41,-31,-38,54,30,-7,-2,-5,44,-48
43,-12,-21,-36,41,27,-14,-48,-20,-22,31,2,28,7,-45,38,54,-34,-32,9,3,10,-35,-47,33,-40,-6,-13,-46,51,-11,19,-25,18,23,4,-50,-16,-42,26,-5,39,-1,-49,15,29,24,8,44,37,-30,53,-52,-17
-11,-33,7,-24,-23,-18,-3,-39,-22,43,1,-36,-29,-28,52,-44,38,6,35,30,-51,9,5,4,-46,37,34,14,13,-20,45,40,2,-27,-19,12,-26,-17,8,-32,49,53,-10,16,-31,25,-48,47,-41,-54,21,-15,-42,50
33,-11,19,-38,42,-44,8,-7,20,-25,2,21,49,48,-39,43,-40,36,-3,-9,-12,-53,32,-41,10,-47,-52,46,-31,54,29,-23,-1,-37,-45,-18,34,4,15,17,24,-5,-16,6,35,-28,26,-14,-13,-51,50,27,22,-30
-34,7,11,29,17,-27,-2,31,23,54,-3,45,47,-44,36,41,-5,43,24,-46,-39,-26,-9,-19,38,22,6,-37,-4,53,-8,42,-49,1,-51,-15,28,-25,21,-48,-16,-32,-18,14,-12,20,-13,40,33,52,35,-50,-30,-10
26,-28,-33,32,-36,25,30,16,-46,11,-10,34,-23,50,18,-8,-19,-15,17,40,44,-42,13,37,-6,-1,-29,2,27,-7,52,-4,3,-12,48,5,-24,-45,-41,-20,39,22,51,-21,38,9,53,-35,-54,-14,-43,-31,-47,49
-52,37,12,39,6,-5,9,-50,-7,-15,34,-3,-42,-54,10,-36,44,49,25,-24,-23,48,21,20,-19,-41,-46,-45,47,-53,-51,43,-38,-11,-40,16,-2,33,-4,35,26,13,-32,-17,28,27,-29,-22,-18,8,31,1,30,14
-35,-47,-50,38,24,32,52,-49,16,-51,-29,-14,36,12,-54,-9,-37,-28,-30,-21,20,31,-33,-5,41,44,53,18,11,19,-22,-6,23,40,1,-13,17,-4,43,-34,-25,45,-39,-26,-42,-48,2,46,8,3,10,-7,-27,15
48,21,-24,-50,-40,-15,-43,20,49,12,-36,-10,53,22,6,54,-28,37,-35,-8,-2,-14,25,3,-23,-46,-34,17,-51,42,-38,-33,32,27,19,11,-18,31,-44,5,-52,-30,7,39,-47,26,45,-1,-9,4,29,41,-13,-16
15,14,-16,-23,43,38,28,-12,26,37,21,8,-31,-2,-1,3,-20,50,33,17,-11,27,4,-44,-32,-9,-22,-7,-34,-52,13,25,-19,29,-53,47,-10,-6,-46,49,-54,48,-5,24,51,39,-36,-42,-40,-18,-45,30,35,41
-47,-22,45,24,26,31,23,51,-54,-11,10,-41,-18,34,19,-39,32,13,-15,-27,46,2,-7,-4,-50,-5,20,-36,53,-44,-6,-17,38,-14,40,28,-48,-33,16,-35,12,49,-52,30,-3,-21,1,37,-42,25,-8,43,-29,9
36,31,-46,-28,-15,24,-13,29,-34,52,-47,-39,7,20,5,-33,23,-21,44,-14,18,-49,-17,-6,43,54,45,4,-8,-48,-2,35,16,9,-32,-1,41,40,12,-38,-37,-50,-25,-19,-27,3,11,30,22,42,53,-10,-51,-26
-49,-45,17,-34,-43,-12,-16,53,54,-27,-15,6,35,-29,11,7,-3,33,-23,26,-42,50,19,39,-38,-20,10,-48,14,47,51,-52,-18,4,-13,-44,-40,25,-24,37,46,21,5,36,2,-41,-30,28,1,-22,-31,32,-8,-9
-45,-37,15,51,-29,-23,12,-28,-24,47,-41,-7,34,-32,-3,-53,-54,-46,38,21,-20,-25,6,9,22,49,-42,8,5,40,-44,14,48,-13,43,52,2,-19,-50,-30,11,27,-35,31,1,18,-10,-33,-26,39,-4,-36,16,17
-48,-35,-42,-18,19,-32,-21,-47,27,-50,36,-40,-25,-38,41,34,-46,4,-5,-45,7,30,28,-31,13,-29,-9,-23,26,-22,24,6,-37,-16,2,-11,33,14,52,12,-15,3,53,54,20,17,8,1,-51,10,49,-39,-43,-44
49,44,51,-22,27,21,43,-14,42,18,-34,-37,-50,8,-30,-46,36,-10,-53,32,-6,4,-47,26,48,-24,-5,31,-38,15,-28,-20,41,11,-52,-17,12,29,-40,39,-33,-9,-7,-2,-54,16,23,-25,-1,13,-3,35,19,45
37,-13,6,21,38,-3,-12,11,-41,-19,-8,7,2,-42,47,28,-51,32,10,-49,-4,29,31,46,-33,-45,40,-16,-22,-54,-23,-18,25,-43,53,48,-1,-5,50,-27,9,14,34,52,26,-24,-15,-36,20,-39,17,-44,-35,30
-26,-6,-39,13,-24,2,54,-33,18,-49,22,-20,-4,-53,-23,-37,47,-9,-31,12,-38,-11,15,5,32,1,-45,41,48,-40,19,-25,8,-42,-43,44,16,21,3,30,-28,34,35,-36,27,50,-17,-29,10,-46,-52,51,14,-7
20,50,-54,-19,31,-52,40,-29,-17,25,39,26,-14,13,35,23,9,-48,4,-1,24,36,-16,-21,-10,-12,38,49,8,33,-5,34,-30,-32,-15,-22,45,-27,-11,-7,-47,-44,-53,42,-37,51,41,18,-28,-2,-46,6,43,3
-4,33,47,1,20,9,-36,10,-6,-8,-28,-45,48,49,-25,-18,-50,16,-39,-5,-26,38,40,-30,15,21,43,11,-54,24,53,-51,-2,42,46,7,-44,-22,19,-23,52,-34,-27,37,12,-35,-3,-13,-14,17,32,-41,-31,29
19,-25,-41,-30,-49,47,-34,-52,22,51,24,-21,-15,-36,13,33,20,46,-1,-17,12,-9,29,-11,2,31,-37,-54,-23,4,-26,44,-16,7,-39,14,27,50,35,45,3,-53,-48,-32,-40,-18,-6,43,5,-38,-10,8,42,28
38,-19,-29,16,9,17,51,41,-5,30,-21,37,54,25,-28,-4,-6,-20,2,18,11,-50,-31,27,-14,35,-24,15,3,-10,23,-34,47,32,-26,-45,-12,-1,53,-44,-8,46,49,40,36,-42,-33,52,-43,22,-7,-48,-39,-13
3,-10,-1,37,45,-51,-40,-18,-29,2,-22,-24,-52,-17,42,-28,14,8,-49,-44,53,11,-43,12,26,-25,-50,16,9,-32,33,30,-31,-41,-38,39,-4,35,-36,7,34,-15,23,20,-5,54,48,-47,19,27,6,13,-21,-46
-32,53,34,36,21,-46,10,48,19,-7,-31,-54,25,43,37,-35,40,-23,-9,51,-5,-39,18,52,-13,42,30,-49,-33,-27,11,1,29,-3,16,-4,-15,-41,22,-17,38,-26,-14,-45,44,6,50,-8,28,-47,-20,-24,-2,12
47,-3,2,-39,-45,8,32,-6,43,24,48,13,-12,-19,-53,25,41,35,14,-23,-33,46,20,-10,-16,-49,-44,-51,40,36,-37,-7,21,50,-18,-30,31,-52,4,-29,-17,54,-9,27,5,-22,-1,-11,26,-34,28,38,15,-42
-2,1,-52,45,-21,-14,-48,13,-44,-43,49,-18,-8,6,-35,42,-30,12,-37,47,5,-40,-26,-46,28,23,29,-25,-27,17,54,-36,-50,-39,15,32,19,41,34,22,-38,-16,10,9,-4,24,-20,7,-11,33,-53,3,51,-31
9,30,-15,8,39,20,31,-4,-1,13,-17,29,-10,-24,3,18,11,-16,-51,-6,49,37,45,14,-41,43,-53,48,-12,-2,-7,52,46,-54,44,38,-22,-36,-5,-47,25,50,-26,-35,-23,-33,40,-28,-21,-42,19,-32,27,34
21,-20,-34,14,-9,-19,37,-43,5,-54,-30,33,16,-4,-41,-13,-38,44,6,2,-1,-27,42,50,53,39,22,35,-49,11,-48,47,-12,3,-28,-40,-7,17,-26,36,15,-23,8,-18,46,-45,-32,31,29,-24,52,-51,-25,10
23,-16,10,-5,4,-43,-38,-31,14,-3,-54,30,-20,-9,-46,2,-18,17,-25,13,-35,-44,-1,45,19,-42,52,-41,50,-12,8,-53,40,51,21,-48,-49,7,47,-33,28,26,6,22,-24,15,-39,36,37,-29,-34,-27,32,11
-8,-39,-22,7,-47,-36,-4,1,31,50,35,-25,38,41,43,-42,20,-45,-44,-17,-27,3,-54,-52,12,-51,21,-29,28,-33,-9,48,30,46,-11,6,53,-13,2,-49,-14,16,-15,19,18,-34,5,-32,40,-10,26,24,-37,23
-19,54,-43,33,34,22,-37,15,-10,9,-20,46,26,44,-8,53,-48,52,1,11,32,-6,51,47,-42,-13,-40,-30,-39,28,38,-21,-4,-5,36,-35,7,-31,29,27,-45,25,3,-14,41,-12,-24,17,-50,49,-23,-18,-16,-2
-9,39,23,50,-51,-30,44,-13,1,42,-46,40,8,-47,-26,17,-16,-19,18,-48,-31,-43,-3,-28,-34,15,-33,24,54,6,21,-38,27,25,-41,-49,-52,32,-2,-12,35,-10,22,-7,-53,11,14,20,36,-4,5,37,45,-29
28,-50,-18,-8,33,-42,-23,4,53,-47,-40,49,-37,29,-17,-32,15,3,-26,-22,-52,20,7,48,27,19,-25,-1,-14,-35,39,16,-5,-45,30,54,13,43,-31,11,-44,6,-38,41,34,-51,10,-24,-12,2,46,21,-9,-36
53,-43,42,-9,-41,33,-24,12,4,-26,28,-8,29,-21,46,-27,22,-39,30,49,14,-17,-48,7,37,10,16,-11,-13,-19,-54,-35,-6,-38,32,40,-25,34,18,-36,5,-3,2,50,52,-15,51,23,-20,-44,-47,-45,-1,31
-31,27,25,48,-16,-49,41,-17,-35,20,43,47,-46,-22,53,5,8,45,-54,-10,-44,14,-37,30,-3,-36,-2,38,39,-24,1,51,-34,33,9,26,23,-28,-29,50,-7,-52,-11,21,-18,13,-12,-4,6,-40,-32,42,-15,19
11,-42,38,-29,-50,28,-8,7,21,35,-1,-19,-47,36,-22,51,-39,31,12,44,-9,15,-41,49,46,-30,32,-6,4,26,-18,-27,37,48,-10,-14,-33,-3,17,-52,23,2,45,-20,-43,-25,13,-34,-24,5,-16,40,54,-53
-6,20,-53,11,15,1,-29,9,-8,-46,-4,-32,43,-52,-5,-25,-26,22,-38,-2,42,-18,30,-54,16,17,-28,27,7,-23,47,12,35,36,-33,-34,-51,19,40,-39,48,-21,-13,45,-44,10,-31,-41,50,-49,37,14,3,24
27,-5,-26,-14,2,13,-17,37,-39,33,25,18,-6,4,16,-15,7,-12,-28,29,-47,53,-51,43,-11,3,-1,19,-20,-45,40,-48,-10,-44,-50,46,-8,-49,9,-31,54,52,-24,34,30,-36,21,32,38,35,23,-42,-22,-41
17,13,8,41,-18,-28,53,-3,-52,21,-27,-22,-2,-40,-51,-54,-1,5,-43,-25,-10,12,-50,-37,20,-35,11,6,30,-29,36,45,49,39,26,-31,24,48,-34,14,-4,-47,19,46,-32,-44,42,-38,-33,23,15,9,-7,16
-24,-4,-17,2,14,51,11,-53,34,-30,-7,-35,27,-5,32,50,3,-42,26,31,25,47,52,1,-21,-19,-13,29,-28,10,-20,-15,-48,-9,12,45,-41,46,-43,44,37,18,39,-40,-36,-38,-22,33,54,-16,-6,-23,8,-49
4,-21,-51,-1,18,16,-31,-26,36,34,38,54,-19,-15,14,-6,-53,-5,13,-35,2,-29,33,-39,49,8,-30,-44,22,27,7,-41,-23,-10,20,-9,-46,-11,24,52,32,-48,50,28,47,37,-45,42,-25,-43,3,-40,17,-12
7,26,31,-12,35,-8,-1,6,40,29,-19,4,22,30,20,37,-36,41,11,-15,-32,-13,47,34,51,-2,-54,43,-10,-14,-3,21,42,-24,-5,17,-16,53,48,-9,-18,-33,-28,-52,49,-50,-23,-39,-45,46,-25,44,-38,27
12,4,-35,-2,-10,15,-30,19,-28,5,50,-1,-54,17,-6,22,-14,-26,-8,24,-49,-16,-34,-20,44,18,48,9,41,7,-46,53,-39,23,3,-47,51,52,33,42,-29,-40,-45,-25,43,31,36,-27,21,-11,-37,-38,-32,13
-22,-51,-40,6,37,-4,47,-42,39,-14,-26,35,32,10,-24,-17,16,-44,28,41,-48,1,-53,15,-54,11,50,-19,-36,-31,30,-13,45,43,-12,29,-5,49,-9,3,-20,8,-34,18,-33,52,-7,21,-38,-27,2,-46,23,25
14,-49,20,-46,-42,39,-51,33,-11,31,9,-15,-16,-1,12,13,27,47,40,-3,36,-37,35,-50,-28,-32,-17,25,38,-43,-10,26,-8,-52,-23,-21,22,-29,-6,-19,53,5,30,-48,54,4,-18,44,2,24,7,34,-41,-45
-50,-40,22,15,-11,49,17,45,51,16,5,-26,42,-20,-4,-10,-7,-36,27,14,30,-3,-28,31,39,12,-19,23,46,-21,-24,37,-35,-53,33,18,-32,54,-25,2,-48,-13,44,-43,-8,-29,52,41,-6,1,-9,-47,34,-38
-12,29,-25,-47,32,-31,-45,49,-14,41,-33,1,21,9,38,24,51,20,-42,-18,-13,43,-40,-16,3,-34,44,-39,-2,50,6,-5,11,26,-54,-37,36,-15,28,23,-10,19,-22,-27,7,48,4,-46,-8,-30,-17,-53,52,35
8,-34,24,10,47,-26,18,-1,-42,-4,32,31,-33,46,28,-43,48,-7,-52,37,29,49,-30,-3,-35,6,54,-15,21,23,12,-11,13,2,25,-51,-20,-44,-53,41,-40,9,16,38,50,-14,-5,-17,-22,-45,36,19,39,-27
29,47,-28,-33,-22,-13,-39,-11,44,53,8,-38,6,54,17,36,-15,-30,21,-32,-19,5,46,51,-45,-27,26,3,-1,18,-49,20,4,52,37,-16,-35,12,7,-43,42,-41,40,-9,25,-23,-2,50,31,-48,-24,-34,-10,-14
-44,22,48,26,-7,30,5,-24,-25,-31,-16,15,33,-35,-12,11,-23,-50,49,-28,-43,-2,17,8,9,-4,-47,20,37,-6,10,-54,-13,-36,14,34,-29,-51,41,53,-39,-46,21,1,-52,42,27,-3,-19,18,38,45,-40,32
2,-1,-30,-41,-39,-29,-26,50,46,15,45,-52,-27,53,-10,-23,43,25,-40,-36,48,44,16,-49,-18,7,13,-32,6,3,-42,28,54,-51,-37,20,35,-47,5,19,4,31,-17,-22,-11,-9,38,-21,24,-8,34,12,-14,-33
-46,-17,-20,-15,51,-48,-32,-44,-49,-53,37,36,39,35,4,-50,2,-38,43,3,31,41,-52,29,54,34,47,45,-24,-42,-21,7,-40,-26,-14,-12,-11,18,-13,33,-22,30,-19,8,-28,1,-27,6,9,16,-5,23,10,-25
-25,-41,-8,-32,-33,11,27,3,10,-9,-6,-48,-30,-51,-38,40,21,-47,52,39,-17,-34,49,-36,1,29,-7,42,-26,13,-43,4,5,22,54,24,-45,15,-20,-16,2,-28,31,-50,37,-53,18,12,-23,44,14,-19,46,-35
35,11,28,5,-4,40,-42,14,-33,-38,-2,-46,-22,-8,51,19,-31,21,-16,-41,-18,13,-39,-27,-37,-54,24,-3,32,-36,17,-29,9,-50,-1,30,25,10,23,-6,20,7,52,-47,48,12,44,-45,53,34,-15,-43,-49,26
-43,36,44,30,-53,50,45,42,-15,39,17,-23,14,-13,9,-20,-11,-35,41,16,38,51,12,-40,-48,46,28,-27,52,-4,32,-31,-47,-49,18,-2,54,-21,-10,24,-19,-8,1,-3,-7,-26,33,25,34,-6,-22,-29,5,-37
25,-9,-5,-52,3,-24,49,-40,2,-17,41,43,20,51,-18,29,10,15,-48,-13,26,54,-27,6,-1,-21,23,30,-16,-28,-35,-50,-44,47,31,42,-38,37,46,8,-11,-36,-12,33,53,-39,-34,19,-7,32,-14,4,-45,-22
-3,38,1,49,-25,-33,-18,52,-27,-16,40,20,-48,-43,26,10,53,7,-36,-12,37,-28,39,-32,5,-15,9,22,31,45,-29,24,6,-46,-47,19,-21,-2,-23,-11,-51,44,14,-42,-30,34,35,13,-4,54,41,-8,-17,-50
-38,-32,29,34,22,18,39,-19,-23,36,-49,42,44,-31,-43,-30,50,-6,8,-54,-46,-5,9,-53,35,52,-51,-47,-3,16,14,2,-45,-4,-25,-10,48,1,-7,-41,40,-12,15,-13,33,21,28,-37,11,-17,27,-26,24,20
13,25,4,-3,-20,-35,24,46,33,-29,-23,-50,-1,40,-27,47,-22,26,54,5,45,17,11,-7,-2,-18,15,34,10,41,-53,49,-9,-28,6,-39,-42,-43,36,-14,-30,37,38,51,-21,-8,-16,-52,-32,12,-44,48,31,-19
-37,32,-10,42,-54,46,-25,35,28,3,12,-11,-24,21,23,-38,-49,-53,48,-34,-14,-45,-15,13,7,30,51,-9,-40,-26,-41,-2,50,20,-8,-52,1,16,-47,29,31,-4,-44,43,22,-6,39,-19,17,-33,-27,36,18,5
41,-26,40,19,30,45,-47,53,-51,-13,44,14,10,-12,-20,-31,52,-25,-4,15,54,-24,38,22,18,2,39,-42,-48,-5,16,50,-36,-35,34,33,-43,-23,-27,-3,-1,28,37,-11,-6,-49,7,29,46,-32,9,-17,-8,-21
-17,5,30,-48,-2,-7,6,-9,8,-34,13,44,-11,-45,25,-24,1,27,36,-37,51,23,-22,16,-15,40,-18,-53,42,-3,49,38,39,10,52,-19,20,-32,-33,-26,-50,-29,-46,-12,14,43,-54,4,-31,41,-21,-35,28,47
-27,3,-2,-40,-35,19,-10,-32,-30,7,-38,-29,41,42,-21,31,-47,48,-6,-43,15,-52,-46,-33,-49,-37,1,51,12,9,-16,8,24,53,5,50,26,11,45,4,-13,-14,20,-54,-39,23,17,-18,25,-36,-28,22,-34,44
10,26,35,9,-38,12,29,54,-4,-1,18,-6,-44,47,39,45,37,-11,-41,-52,-53,-51,43,32,42,-2,49,-40,-7,46,-34,-24,36,31,-3,-33,-17,5,-15,28,19,-25,-23,13,-16,-30,-14,-50,-27,48,22,20,21,-8
45,-7,32,23,16,-10,2,-39,15,6,-42,25,-28,-27,-9,-5,34,-37,53,46,35,-31,-4,38,-12,47,14,13,49,-41,22,-3,44,-17,-21,-43,18,-24,8,-54,30,11,36,-33,-1,-20,-26,-51,-29,-52,48,50,-19,40
-30,18,-14,-16,-48,52,21,-38,-40,-20,-44,-47,-26,3,33,4,28,-2,-46,10,-7,24,41,-22,-43,13,-35,-17,-37,1,50,-45,-15,54,27,53,29,8,51,9,-23,-49,25,11,32,19,12,5,42,-31,-39,-6,-36,-34
-13,-27,-49,-45,7,-21,-5,34,-31,-23,-48,-42,1,16,-50,-14,-33,28,37,-51,6,25,10,40,-22,-53,2,-18,-52,43,9,39,17,-8,41,-46,-19,44,-32,-24,-35,12,-30,-38,4,36,54,11,3,15,20,29,26,-47
54,-48,9,18,46,10,14,38,-3,-6,26,50,-40,-7,45,-29,-43,-4,51,-39,-25,32,44,-34,21,-11,35,53,16,31,-30,-22,-41,24,-27,-42,47,-8,20,13,33,36,17,-23,-15,-5,-37,2,-52,-12,-19,49,-28,-1
-14,35,27,22,-34,-17,-53,-41,25,44,-52,23,48,1,49,-26,6,19,-18,-50,-36,-4,-12,-29,-9,16,-3,-33,24,-37,-32,31,28,5,-2,21,30,42,-45,51,8,-38,-54,-10,39,47,-46,-13,-15,20,-40,11,7,43
-5,19,-37,-13,1,-34,-20,17,-16,-18,53,51,4,-41,-36,9,-8,10,-2,7,39,42,-44,-45,47,-50,33,-31,-35,52,28,54,-27,6,29,15,3,-48,-21,-46,14,-22,-49,23,24,40,-25,38,43,26,-12,-30,-11,-32
-18,-8,54,-10,-31,35,22,2,-45,4,-14,-25,-38,11,-19,-40,-42,1,15,52,34,-7,37,33,12,41,-39,50,-53,-51,5,-47,-24,-21,-6,49,-23,13,27,16,-26,17,46,48,9,-43,32,-44,-36,-28,30,-20,29,-3
24,52,39,-35,-46,-9,-54,-27,6,26,-32,16,-49,37,-31,-12,19,-43,-17,-53,-50,-48,-38,-1,30,-10,8,36,44,-25,15,11,51,45,4,-28,-14,23,-3,-42,47,40,18,-29,-34,5,-41,22,13,21,-33,-2,20,7
5,12,36,44,-1,34,-19,43,32,-39,-53,-2,-51,45,21,30,33,23,7,-26,-15,-35,-18,41,-27,20,25,-52,-42,-16,-47,-9,-17,-6,22,-3,50,-54,10,46,-24,29,-8,-4,-14,-40,31,-49,48,-37,13,28,11,38
51,-29,-13,35,44,-39,-46,-34,-38,-52,15,-27,3,-49,-11,-22,42,-24,-21,50,19,16,-45,18,-31,-33,12,40,2,48,25,-43,26,8,-4,41,-47,9,6,-28,-36,-17,32,-5,23,7,37,-30,14,-20,-1,10,-54,53
-10,40,49,17,11,36,25,-21,41,1,-5,-33,46,-48,31,-34,-4,-51,-50,54,8,45,27,-35,-7,28,-23,-26,-30,29,-15,-44,12,16,24,-6,38,-37,-52,-2,-9,43,-42,32,-22,-13,-53,14,-3,19,18,39,47,-20
30,34,13,-49,-44,37,-15,27,-48,-40,23,52,-3,39,7,26,-25,42,45,-38,-22,21,-11,36,17,-16,-8,-50,-47,-1,35,41,-53,-2,-31,-24,-6,20,-14,10,-32,-18,-51,5,-19,-54,29,9,4,28,43,-12,33,46
-28,15,14,-21,-26,-20,16,47,45,-33,19,-17,40,-3,-2,-7,12,-49,-11,6,4,-38,-25,-43,23,5,42,1,34,32,-39,-30,10,-29,-46,51,52,22,31,-13,50,-27,24,53,-9,35,-8,-54,18,-41,-36,-37,-44,48
-33,-53,-9,20,48,43,46,-30,3,40,54,32,-36,52,50,44,39,51,22,-4,-24,-19,26,21,29,-23,37,47,-25,8,-45,-12,1,38,49,13,-27,-34,-17,-10,-42,41,-6,-16,31,-7,-28,-5,-35,-15,-18,-14,2,-11
-41,-23,-7,-43,-12,-54,3,22,-32,-44,-39,5,-21,-37,-42,-52,25,-40,-24,28,13,-8,2,19,-17,-31,46,-20,-45,-47,26,9,34,-33,-48,-50,14,51,11,18,1,15,4,10,29,-27,30,35,-53,36,-38,16,49,6
6,41,43,46,10,-1,-50,-35,17,-5,27,-51,52,-25,48,39,-9,34,-22,23,-28,19,-20,53,14,32,-11,21,33,44,-36,-26,-29,-18,8,31,-54,-40,-16,38,-2,-45,-3,-30,42,-4,-49,-15,47,7,12,-13,-24,37
-23,8,-27,-44,-32,29,42,-2,35,28,-13,38,11,33,-37,-48,45,40,20,-19,-41,26,1,-25,24,-22,3,-10,-6,-46,34,5,-14,-31,-9,43,15,-12,49,-18,21,-7,-36,4,-17,30,-52,16,-39,-53,-54,47,50,51
-20,42,46,31,53,-16,-49,40,-50,19,-37,-13,12,-18,44,6,-33,14,-10,1,47,52,48,28,-29,27,-26,-24,25,38,-4,36,17,41,39,-32,11,-30,-35,-8,-34,-2,54,-15,-51,-3,-21,-23,7,9,45,-22,-5,-43
-42,-44,-19,53,-6,5,13,26,24,-36,29,-31,-7,-30,22,-47,-34,-54,3,-33,23,-15,-21,-9,-51,-8,-48,-38,-11,14,12,-40,20,17,45,10,-39,28,37,32,-49,1,-50,2,-35,-52,16,27,41,43,25,46,-4,18
31,-46,52,-25,49,54,36,-45,38,-12,-18,10,-17,-50,-29,48,13,11,34,-30,40,-23,22,35,4,-39,41,32,15,20,-1,-28,53,-19,-24,-7,44,-9,26,-21,-27,51,47,-37,8,2,-43,-16,-5,14,-42,-3,-33,-6
-16,49,33,-42,-17,-11,-52,-54,-47,-45,6,39,50,24,30,1,5,-22,23,-31,-37,18,-19,-14,-26,25,-32,-35,-41,-15,20,27,-3,-40,28,-53,21,-46,-12,34,29,4,48,-51,10,38,9,-43,-2,-13,44,7,36,8
-21,43,-4,3,28,-47,19,36,-26,46,30,17,-35,38,54,52,-12,-33,-7,34,1,-32,50,-51,31,9,-41,-5,45,-11,-25,22,18,-20,13,-8,40,-14,42,-37,27,-39,-2,49,-29,-10,6,53,-44,-23,24,-16,-48,-15
44,9,-23,12,-30,41,48,-10,-2,8,51,-4,-34,27,29,-49,35,54,-20,19,28,40,3,-38,-39,45,-14,-21,-15,5,43,-46,-52,13,-17,37,-36,24,25,-22,-6,47,-31,-1,-26,32,-42,-7,16,53,-11,33,-50,-18
